0.181008
8.057833
0.748414
0.182381
0.222126
0.330829
1.579411
0.200478
0.181035
0.295569
0.299988
0.219912
0.183019
0.359826
0.199381
2.572594
0.1914
0.221657
0.586105
0.729841
0.499975
0.304831
0.247419
0.20117
0.190389
0.286012
0.191354
0.199979
0.202699
0.614081
0.34186
0.237024
0.19075
0.190505
0.340396
0.300315
0.223059
0.344913
1.551961
0.190932
0.563366
0.224782
0.230223
0.232924
0.242342
0.230974
0.193204
0.836073
7.105228
0.266662
0.423126
0.617668
0.190539
0.213823
1.565576
0.452833
0.211512
0.34476
0.432947
0.780193
0.245366
0.205116
0.235117
0.301067
0.410971
0.192822
0.193447
0.190593
0.198668
0.293654
10.253109
0.24973
0.340919
0.190641
1.097042
0.190478
0.204741
0.196476
0.200848
0.199309
0.252687
0.231335
0.326477
0.283509
0.284214
0.349244
0.793387
0.189361
0.342511
0.214238
0.183006
0.182179
1.243772
0.830635
0.181598
1.233007
0.194823
0.258833
0.184566
0.512926
0.186403
0.183884
0.197117
0.264551
0.203362
0.207787
0.197672
0.353451
0.277108
0.319498
0.311467
0.191788
0.880053
0.214722
0.190522
1.161545
0.23989
0.191017
2.660899
2.252814
0.268571
0.206043
0.19273
0.496801
0.367329
0.233325
0.191354
0.759704
0.777619
0.402713
0.721766
0.24602
0.193152
0.241964
0.330399
0.19093
0.195435
0.322786
0.412671
0.191206
0.40697
0.201051
0.285288
0.219012
0.291197
1.392254
2.802749
0.308081
0.255804
1.232197
0.231984
0.191293
0.192142
0.191145
0.191559
0.19144
0.33681
0.319896
2.651884
0.188424
0.205368
0.367293
0.196708
0.960156
1.187474
0.242253
0.19432
2.669095
0.269658
0.237001
0.259471
0.317383
0.350505
0.203076
0.812687
1.219199
0.191429
0.192359
0.202288
0.188902
0.188757
0.208387
0.345561
0.359319
0.238269
0.190894
1.546343
0.256506
0.613792
0.199221
0.307954
0.19152
0.27355
0.231719
0.416878
0.803467
0.402234
0.429995
0.304654
0.194526
0.929976
0.206713
0.200261
0.190509
0.1992
0.183386
0.182765
0.215275
0.3846
0.293103
0.215512
0.34737
0.186887
0.181842
0.222126
0.379038
0.232219
0.251004
0.295514
0.572298
0.186345
0.914581
0.194257
0.21936
0.220093
0.326837
0.206728
0.187191
0.18913
0.190333
0.33635
0.207677
0.19556
0.269481
0.6069
0.297428
0.192304
0.191788
0.205347
0.214414
0.19158
1.897179
0.273191
0.190558
0.190209
0.251933
0.256849
0.190518
0.227666
1.272937
0.62858
0.189125
0.580632
0.237441
0.45012
0.190561
0.194559
0.23496
0.641435
0.228023
0.426267
0.708684
0.190485
0.312627
1.463995
0.191302
0.188749
1.340767
57.733997
0.190399
0.188756
4.444259
0.24483
0.491894
0.494052
20.065603
0.202542
0.194921
0.210427
0.190865
0.227308
0.190523
0.331154
0.61938
0.215909
0.685979
0.190808
1.106145
0.190476
0.42707
0.284887
0.564448
0.443571
0.191391
0.237714
0.271387
0.192322
0.190827
0.225775
0.220432
0.190458
1.055429
0.190496
1.480417
0.288557
0.668662
4.422257
0.204883
5.249516
0.190476
0.217784
0.23759
0.580803
0.191689
0.190553
0.239015
0.190067
0.513089
1.431427
0.233803
0.192189
3.529277
0.193499
0.734143
0.576293
0.956108
0.190477
0.200172
1.058888
0.191336
0.253743
0.967181
0.194647
0.319541
0.275314
4.207706
0.193648
0.27355
0.217026
0.23205
0.192197
0.199206
3.804589
0.939987
0.248394
0.204151
0.190496
0.190476
0.315524
0.253756
0.250657
0.333418
0.201062
0.287
0.189414
0.302063
1.169267
0.181708
0.18346
0.182459
0.190138
0.89814
0.183843
0.197161
0.238431
0.642214
0.183209
2.033198
0.190485
0.228403
0.182433
2.067217
0.226578
0.187241
0.219754
0.436353
4.967373
0.206728
0.26941
0.287846
0.296156
1.681995
0.190505
0.190343
0.517725
0.190474
0.193871
2.162813
0.190854
0.380987
0.284898
0.190505
0.201546
0.22489
0.517249
0.197542
0.259814
0.710111
0.32847
0.382195
0.199792
0.217449
0.192133
0.190785
0.242493
0.200702
0.532958
1.231298
0.191869
0.208368
0.537021
0.305965
0.613886
0.239134
0.561602
0.213146
0.30556
0.298222
0.511106
0.289275
0.199415
0.359557
0.193427
0.188753
0.194983
0.404922
0.222347
0.223776
0.255019
5.010884
0.312971
1.271037
0.321044
0.228385
0.343508
1.167121
0.19306
0.518873
0.419305
0.25359
0.190488
0.190472
0.284191
0.190865
0.497389
0.398762
0.465755
0.513163
0.292448
0.254461
0.190478
4.695058
0.235149
1.21865
0.191882
0.324898
0.238079
0.190607
0.212935
1.431427
0.340148
0.763978
0.256253
0.247143
0.21377
0.191068
0.955369
0.190593
0.188578
0.822604
0.19849
0.203568
0.239421
0.192308
1.519369
1.69768
1.980939
0.198035
0.199171
0.664714
0.191116
0.182384
0.182402
0.204745
0.237731
0.186545
0.185377
0.187241
0.182786
0.182409
2.9756
4.825793
0.186403
0.196909
0.183899
0.183135
0.238225
0.204781
0.916629
0.190396
0.275539
0.184577
0.183152
0.523116
0.202689
1.66359
0.255003
18.786154
0.208631
0.781991
0.242668
0.213204
0.239794
0.24646
0.244066
0.29443
4.15694
0.263934
0.484726
0.272985
2.837554
0.191091
0.616015
1.045117
0.194919
0.192026
0.390277
0.235249
0.33041
0.194124
0.207457
0.191612
0.191401
0.202124
0.205383
0.206483
0.195008
0.190476
105.325172
0.190774
24.375416
0.824034
0.25388
0.811124
0.22944
0.419338
0.190501
34.466293
0.190476
0.29285
1.182657
0.193369
0.203975
0.191935
0.232523
0.352599
0.254884
0.234217
0.262371
0.188694
0.742964
0.764637
0.194936
0.207829
0.190817
0.635159
0.237676
0.291979
0.207801
0.201897
0.434472
0.572019
0.20209
0.831226
0.215042
2.749193
0.208868
0.182517
0.183771
1.51363
0.26296
0.182716
0.182174
0.205573
0.183019
0.181415
0.24094
0.321914
0.283849
0.182383
0.188346
0.182378
0.187484
0.584198
0.197421
0.183735
0.196521
0.384574
0.255312
0.186699
0.255012
0.364777
1.22171
0.198993
0.190594
0.190476
0.275739
0.211127
0.210165
0.190691
0.193028
0.224646
0.19306
0.188414
0.547995
0.328946
0.60046
0.229293
0.206011
0.190389
0.82433
0.289497
0.259567
0.202005
0.321466
0.199924
2.203957
0.412993
0.208487
0.202695
0.257692
11.098027
0.191175
0.236352
0.208328
0.190549
0.734228
0.190477
0.21353
0.198541
0.18964
0.303883
0.343962
0.190476
0.211895
51.741859
0.250671
0.246452
0.257178
0.355124
0.218608
0.431666
0.232512
0.192949
0.211867
0.214994
0.190503
0.389337
0.202536
0.192307
0.193522
0.256219
2.164451
0.199448
0.208149
0.25259
0.19999
0.213391
0.223735
0.22542
0.227863
0.613161
0.440546
0.191953
0.193593
0.192626
1.390218
0.489045
0.229336
0.245175
0.244164
0.229453
0.455112
0.19125
0.19194
0.204665
1.097537
0.299514
0.228179
0.403039
0.199086
27.994131
0.727998
0.189504
0.190529
0.288518
0.350712
0.216641
0.190598
0.19011
5.298293
0.190759
0.194025
0.19046
0.19349
0.270406
0.324312
0.199812
0.187167
0.192268
0.321474
0.866728
0.202504
0.825502
0.182484
25.631569
0.224699
0.355296
0.281794
1.835023
0.184225
0.214783
0.182205
0.182755
0.196578
0.201654
0.183897
0.182438
0.231405
0.305622
0.372337
0.218122
0.198094
0.192425
0.777378
7.589338
0.355039
0.198725
0.193256
0.219296
4.960621
0.252738
0.190196
0.244072
0.37917
0.19051
0.188802
0.39467
0.305831
0.198605
11.21473
0.200572
0.64763
0.190594
0.334023
0.196595
0.238273
0.242319
0.722809
0.367141
0.430348
0.285765
0.301578
0.197201
0.209949
0.303299
0.275459
0.189642
0.192424
0.394487
0.344136
0.19159
0.190476
0.190321
0.19571
0.219483
0.208338
0.951166
1.893663
0.190511
0.241177
0.191381
5.28158
0.291316
6.493624
1.417413
0.190928
1.381527
0.212108
0.232463
19.806801
0.200822
0.199092
0.190656
0.19158
0.222978
0.571425
0.190489
1.537028
0.96244
4.496542
0.191958
0.413818
0.196908
0.210528
0.34931
0.190476
0.193388
0.193914
0.281058
0.276821
0.196768
0.499006
0.190484
0.756242
0.189473
9.557295
0.193144
0.231788
0.194911
0.832172
0.197092
0.190833
0.191251
0.231117
0.304453
0.195818
3.023357
0.193136
1.603915
0.195352
3.429044
0.190478
2.042866
1.697397
0.266794
0.229453
0.192253
0.403977
0.269493
0.190176
0.189994
0.3268
0.194902
0.42198
0.194127
0.203666
1.126362
0.192594
0.200984
0.18876
0.321823
0.264998
0.193014
0.21629
0.19359
0.482819
0.193772
0.190502
0.406494
0.233966
0.199044
0.413455
0.198644
0.189532
0.18821
0.199945
0.228891
0.194975
5.842468
0.251469
0.184458
0.183455
0.507496
0.404596
0.640902
0.182174
0.270502
0.416491
0.583865
0.2694
0.277342
0.511029
0.18224
0.222515
0.251281
0.253717
0.543633
0.190651
0.344825
0.182558
0.182409
1.34736
0.182402
0.269333
0.94587
0.182375
0.201135
0.206746
0.182442
0.184562
0.680692
0.199798
0.254584
0.418956
0.610166
0.695724
6.114318
0.190858
0.262541
0.281348
0.236812
0.336405
1.03951
0.189092
8.791651
0.190099
0.437243
0.251305
0.190483
0.276159
0.313302
0.483562
0.254268
0.223502
0.255681
0.25675
0.198852
0.273527
0.626783
0.313842
0.19048
4.736128
0.190038
0.392911
0.251957
0.210189
0.285096
0.190476
0.190536
0.192259
1.858812
0.190572
0.273367
0.275422
0.292834
0.23429
0.190552
0.986094
0.260225
0.283141
0.190513
2.137991
0.197486
0.327408
2.603259
0.232118
0.206636
0.237954
0.279669
0.22944
0.18922
0.209959
0.361875
0.200616
0.195303
1.45279
0.189226
0.536193
0.649134
0.201765
0.636743
0.287091
0.304802
0.190266
0.190887
8.426517
0.242708
0.195301
0.201739
0.497681
3.045133
0.551306
0.234446
0.192752
0.234947
0.199128
0.206857
0.218159
0.208753
0.191854
0.272916
0.190475
0.245548
0.190591
0.192725
2.142552
0.19635
0.273119
1.730649
0.235073
1.323401
0.234946
0.251244
4.326167
1.46944
0.245049
0.238223
0.217792
0.208364
0.210091
0.237336
0.354447
0.190487
0.238991
0.404784
0.260756
0.182147
0.189414
0.251812
1.328953
0.816837
0.448591
0.184359
0.657647
0.223073
0.237075
1.361112
0.190869
0.240874
0.825786
0.18284
0.181385
0.253335
0.190465
0.201649
0.182448
0.270745
2.460931
0.182587
0.57443
0.225643
0.199552
0.190344
0.204099
0.224646
0.18914
0.209707
0.190908
0.444188
0.562743
0.209636
0.197766
0.231263
1.623405
2.050727
0.364243
0.192973
0.190475
0.190479
0.200201
0.190949
48.654797
0.190746
0.987134
4.104884
0.346489
0.404922
0.256952
0.315563
0.188756
0.194042
0.905846
0.235917
0.270974
0.21687
0.817494
0.20492
0.191475
0.214722
0.190457
0.63981
0.22626
0.576592
0.192251
0.190476
0.25178
29.478687
0.850079
0.235401
0.201516
0.363323
0.32225
0.837991
0.190719
0.8121
0.248199
0.872861
1.263378
0.231559
0.244256
0.190117
0.999656
0.283576
0.194665
0.660193
0.543274
0.515584
0.232605
0.188783
0.190594
0.205152
2.006639
0.187375
0.192395
0.217687
0.182089
0.19749
0.188413
0.196483
0.187564
0.194157
0.213271
0.183974
0.182402
0.195555
0.252702
0.190861
0.322337
0.193101
0.180771
0.2036
0.328618
0.208175
0.190509
0.241727
0.267752
0.232009
0.191361
0.40641
0.328795
0.390057
0.195435
0.352103
0.756556
0.196595
2.203686
0.244978
2.286583
0.244669
0.239926
2.051652
0.199077
0.1962
0.420254
0.241894
1.193506
0.286908
0.236603
0.231823
0.813679
0.4627
0.192868
0.57718
0.188888
0.188612
0.231005
0.19645
0.231023
0.188911
0.190514
0.199082
1.157716
0.406771
0.23993
0.192865
0.276786
0.230307
0.201121
0.448374
0.199014
0.201765
0.263679
0.435872
0.520249
1.580813
0.282336
0.18842
0.825413
0.190822
0.203064
0.190758
0.232728
0.3564
0.947841
0.37199
0.331002
0.210937
0.262375
0.749977
0.284445
0.235245
2.103574
1.295868
0.255742
0.677496
7.900673
5.360235
0.190386
0.37592
1.277451
0.204457
0.207994
0.19048
0.834348
0.301721
8.785268
0.188756
0.346208
0.237111
0.358978
0.209053
0.306919
0.190399
0.2328
0.578784
0.190989
0.232989
0.192253
0.443583
0.187915
0.190257
0.189443
0.229046
0.185421
0.184623
0.449621
0.238344
0.281036
0.301034
0.218184
0.205246
0.184918
0.221231
0.187752
0.232503
0.182388
0.184117
0.216958
0.182654
5.708986
0.451648
0.181186
0.182528
0.480684
0.237621
0.190411
0.296488
0.342577
0.279167
0.261445
0.224403
0.190488
0.784636
0.271514
0.194118
0.291946
0.22499
0.257775
0.197539
0.215593
0.216327
0.190464
0.286326
0.203145
0.945594
0.311559
0.190959
0.199979
0.19175
0.299318
0.233708
0.190433
0.824614
0.203262
0.196719
0.921982
0.200398
0.194292
0.190465
0.191537
0.206155
0.283715
0.433981
0.332658
0.289856
0.212935
0.259184
0.991509
0.263829
0.798705
0.190476
0.201133
0.244501
0.272614
0.220644
0.190481
1.802765
0.237928
0.200495
0.191323
0.327396
0.996351
0.247128
0.322873
0.294525
0.198549
0.233547
0.190209
0.221133
0.218608
0.191203
0.191276
0.192189
0.239237
0.18902
0.96676
0.283369
0.842483
0.190569
0.2084
0.365845
0.35909
0.265352
0.19129
0.256899
0.20335
0.196624
0.194251
0.766773
0.199406
0.365051
4.554774
0.248173
0.660364
1.111323
3.299541
0.191308
0.514867
0.192483
1.588301
0.731284
0.19048
0.261668
0.229442
0.459748
0.194969
0.191815
0.227862
7.827343
0.190476
0.19019
0.871543
0.220515
0.190542
0.464095
0.190491
0.392684
0.417028
0.340643
0.191541
0.188487
0.199206
0.196978
0.999815
0.182876
0.189714
0.246116
0.191473
0.326787
0.190066
0.254833
0.226087
0.230144
0.365658
2.008474
2.689864
0.186354
2.075366
0.184127
0.1825
0.18284
0.182381
0.19682
0.222674
0.300356
0.182335
0.265611
0.183625
0.180821
0.570713
0.325191
0.438736
0.190111
0.512216
0.406966
1.164794
1.018701
0.206364
0.293913
0.19916
0.324836
0.391871
0.190715
0.274769
2.364967
0.194395
0.200787
0.190498
3.136683
0.190476
0.190111
0.189927
0.190433
0.329136
0.200398
0.310787
0.19249
0.42455
0.197797
1.183915
0.375448
0.190492
0.193957
0.309161
1.810076
0.217792
0.196955
0.192466
0.199401
0.523999
0.190399
0.564136
0.257926
0.190733
0.202637
0.209393
0.220655
0.475965
2.233664
0.194445
0.239569
0.193252
0.235516
0.201854
0.667246
0.267136
0.822652
0.364254
0.209816
0.20914
0.488678
0.301268
0.351422
0.205827
0.190039
0.933827
0.223971
1.162011
0.238359
0.198915
0.254508
0.432072
0.204089
0.609763
0.200633
0.191439
0.190483
0.222353
0.26974
0.205739
0.288487
0.195796
0.997298
0.193447
0.190117
0.199111
0.188758
0.208523
0.203666
0.195827
0.194247
0.227643
0.316701
0.245147
0.42179
0.212367
1.597093
1.00251
0.198158
0.196388
0.243794
0.231354
0.207801
0.281646
0.200742
0.382864
0.337461
0.204743
0.189829
0.285998
0.228685
1.456017
0.23433
0.347333
1.667538
0.182204
0.901765
0.192014
0.199329
0.197959
0.81421
0.27018
0.261521
0.181274
1.626292
0.554788
0.187355
0.198837
0.225607
0.241809
0.223355
0.499013
0.472413
0.184799
1.132313
0.445229
0.288319
0.205446
0.583122
0.616957
0.56915
0.279669
8.289063
0.296348
0.27566
0.190849
0.879265
14.120753
0.190051
0.244978
0.199581
0.197366
0.190176
0.595537
0.193624
0.19048
0.434326
0.188785
0.207677
0.278633
0.190399
0.505228
0.29066
0.309469
0.224184
0.200271
0.234374
0.28328
0.305941
0.314918
0.244135
0.81488
35.890659
0.377214
0.716649
0.265161
0.190313
0.220194
0.272265
0.19046
0.253551
0.241898
0.190698
0.200653
0.842775
0.875595
0.190498
0.191052
0.232367
0.205875
0.19085
0.284023
0.192541
0.224947
0.219476
0.253734
0.204542
0.216898
1.136963
0.192613
0.199828
0.190533
0.18282
1.332319
1.599426
0.222806
0.182392
0.221211
0.243183
0.510204
0.752899
0.182331
0.207491
0.358344
0.439169
0.182076
0.220999
0.237256
0.215139
0.216111
0.210417
0.190261
0.188754
0.224672
0.526348
0.194408
0.215401
0.317563
0.190335
0.188891
0.957392
0.235267
1.914322
2.08001
2.781149
0.263858
0.190567
0.214056
0.335241
0.188757
0.196677
0.268003
0.194438
0.219719
1.288605
0.306684
0.195178
0.201104
0.38889
0.190473
0.448116
0.192077
0.192384
0.195717
0.372166
4.970809
0.412302
0.199703
0.314952
0.258657
7.763086
0.190288
0.190481
0.311656
0.200677
0.560383
1.202065
0.191391
0.25178
0.485471
0.190272
0.234871
0.995504
1.008983
0.19571
8.903865
0.190523
0.196682
0.191251
0.194284
0.577534
0.191347
0.815547
0.443139
0.214032
0.270862
0.279438
0.191365
0.191472
0.327506
0.353304
1.079914
0.268117
0.211696
0.194228
0.195349
0.37116
0.188756
0.232365
0.205192
0.209959
0.346399
0.298272
0.230826
0.750026
1.88826
0.195811
4.39186
2.359225
0.391035
0.183662
0.202834
0.223355
0.202689
0.206229
0.274128
0.186199
0.201649
0.606376
0.192906
0.215412
0.339385
0.182994
0.196483
0.185551
0.86689
0.184874
0.213881
0.523612
0.258369
0.182374
0.447057
0.263135
0.253297
0.249429
0.335366
0.285963
0.205163
0.182821
0.358583
0.303411
0.182477
0.81959
0.2036
0.206746
0.448794
0.477198
0.59597
0.207361
0.254136
0.213835
0.48941
0.504154
0.208631
0.383334
0.328245
0.237927
0.246252
0.483562
0.191484
0.190766
0.188757
3.500072
3.992469
0.202923
0.197366
0.230939
0.611467
0.268178
0.202507
0.192026
0.417932
0.192307
0.283046
0.221474
0.213836
0.199088
1.825701
0.386302
0.188842
1.383682
0.33507
0.234475
0.38369
0.190955
0.26926
0.277871
0.190835
0.194522
0.190364
0.394284
1.059407
0.272251
0.190484
0.188518
0.196836
1.565576
0.191472
0.301134
0.196858
0.277872
0.190476
0.257178
0.204236
0.188772
0.29166
0.207286
0.190936
1.543405
0.192639
0.221123
0.350548
0.538803
0.190476
0.204239
1.509058
0.19432
0.190452
3.144873
0.424914
0.223059
0.210718
0.434303
0.212199
0.284331
0.406567
39.098988
0.242651
0.190491
1.326769
0.19046
0.190477
0.238274
0.195796
0.234057
0.292317
0.19302
0.189594
0.204157
0.407891
0.32139
0.796616
0.188453
0.190473
0.216167
0.191429
5.530552
2.524216
0.322824
0.476656
0.207994
0.21864
1.281301
6.528132
0.204131
0.27393
0.201373
0.19046
0.267555
0.198124
1.33035
0.218178
1.385136
0.24973
0.210761
0.199493
0.494967
4.259696
0.190904
0.472781
0.190335
115.157555
0.426524
0.182381
0.283798
0.182092
0.182853
0.228438
0.182378
0.199343
0.619971
0.539817
0.209687
0.227339
0.20121
0.291192
0.333284
0.195372
0.199248
0.190653
0.200697
0.190577
2.157268
2.821968
0.408375
0.944771
0.271153
0.28306
0.215401
2.054342
0.590311
0.191788
0.190643
0.211167
0.191116
0.188857
0.219669
1.674603
0.203246
0.256275
0.294871
0.335871
0.205319
0.304879
0.190233
0.240433
0.190477
0.214942
0.194106
0.274707
0.212957
0.195092
0.22142
0.190494
0.224488
0.189769
0.45249
0.613792
0.332846
0.790477
0.190539
0.204582
0.237855
1.100858
0.190472
0.191793
0.214439
0.214115
0.200239
0.684953
0.445477
0.190752
0.255129
0.195517
0.211464
0.228076
0.839432
0.192426
0.252657
0.530755
0.322915
0.670112
0.213957
0.461844
0.192322
0.194976
0.219745
0.32225
0.189473
0.267082
0.56233
0.331212
1.210574
0.356481
0.275278
0.193738
0.20923
0.191308
1.105384
0.19233
0.229236
8.926649
0.206937
0.253391
1.575918
0.277267
5.865039
0.681919
0.188746
0.280738
0.220511
0.60189
0.19498
0.190399
0.57952
0.792562
0.258519
0.190111
0.612945
0.34737
0.365736
0.191669
0.364994
0.182705
0.531416
0.634651
2.618877
0.337207
0.187564
0.327203
0.24094
0.18233
4.99397
0.181156
0.279061
0.286518
0.288881
0.18284
0.200627
0.186529
0.191591
0.20251
0.304633
0.470736
0.182382
0.182396
0.18282
0.181263
0.269683
1.683991
0.181275
0.182385
0.182825
0.211902
271.413757
0.189308
0.190474
0.415599
0.236008
0.212377
0.57267
0.215593
0.216327
0.342366
0.250143
0.190716
0.193455
0.225498
0.935425
0.250916
0.26048
0.205319
0.200572
0.201133
0.191308
6.550778
0.205959
0.194783
0.279636
0.266388
0.331881
0.197502
0.236118
0.208908
0.60727
0.341433
0.584367
0.190399
0.189337
1.004941
5.482407
0.190819
0.282438
0.233684
0.350658
0.227191
0.201121
0.190607
0.227079
0.195248
0.238623
0.507399
4.518925
0.194395
0.189954
0.194654
0.190433
1.829208
0.459087
0.192306
0.271505
0.716776
0.28786
0.1893
0.196388
0.20877
1.284794
0.297887
0.195402
1.020139
0.191343
0.222642
0.283798
0.29714
0.182965
0.308414
0.202834
0.199804
0.182073
0.181385
0.182459
0.182505
0.195769
0.182207
0.482357
6.534634
0.255151
0.189294
4.27
0.189494
0.609178
0.280744
0.400775
0.189742
0.182387
44.350151
0.676039
0.309463
0.233177
0.271376
0.336984
0.407929
0.253839
0.468057
0.200557
0.190552
0.201327
7.186376
0.194149
1.908574
0.22489
0.228188
0.328245
0.190477
1.066677
0.234425
11.125776
0.192753
0.246261
0.437985
0.227842
0.25675
5.163699
0.926746
0.192183
0.556489
0.256167
0.191958
0.190399
0.75331
0.382776
0.193494
0.190379
0.204731
0.195357
3.359753
0.192678
0.2018
0.194527
0.190479
0.224184
0.404306
2.257452
0.696265
1.042202
0.190463
0.352144
0.20205
0.361621
0.202738
0.190478
0.630251
0.241034
0.428146
0.198842
0.192728
0.23693
0.194132
0.203211
0.190901
0.189954
0.194654
0.19829
0.66546
1.296524
0.254922
0.541966
0.190389
0.394078
2.081027
0.200285
0.284331
0.236464
0.231517
0.197125
0.209786
0.191018
0.190476
0.195796
0.195468
0.192701
0.191018
0.292296
0.36141
0.327214
0.334064
0.218159
0.277224
0.376615
0.220345
0.191567
0.200444
0.188882
0.33708
0.190485
0.282101
0.190491
0.743456
0.448322
0.951746
0.203358
0.254085
0.309219
0.24771
0.196205
0.190133
0.415457
0.201421
0.925474
0.234004
0.213489
0.286524
0.379525
2.849208
0.756219
0.469547
0.206716
0.199039
0.214273
0.181005
0.227621
0.184011
0.245125
0.456228
0.214883
1.01356
1.667538
0.180815
4.421016
0.182338
0.252335
0.182089
0.186322
0.182088
0.199142
0.233419
0.18097
0.623012
0.922036
0.247303
0.237075
0.189432
0.242611
0.471298
0.27778
1.232135
0.519808
0.727463
0.190965
1.278681
0.198182
0.190653
23.96015
0.228879
0.19048
0.208252
0.188542
0.444618
0.658766
0.243757
24.177166
0.199403
0.280799
0.191175
0.190865
0.710111
1.478811
0.258663
1.969198
0.207212
0.202695
0.19256
0.954621
0.192609
0.1904
0.24453
0.27547
0.202686
0.36943
0.253127
0.249988
0.197745
0.456572
0.189648
0.527076
1.274001
0.599709
4.531878
0.242137
0.190894
0.440189
0.190594
183.752838
0.848396
0.190496
0.328596
0.190864
0.304552
0.376972
5.082461
1.651342
0.347763
0.342885
0.213775
0.365973
0.231191
0.362273
0.712599
0.490424
0.498166
0.25359
0.271084
0.287899
0.643089
0.24238
0.455211
0.223667
0.190879
0.319061
12.329505
0.191484
0.504398
0.341003
0.192728
0.199014
0.195248
0.910673
0.194827
8.800949
3.701782
0.190476
0.189067
0.204665
0.277138
0.249414
0.189726
0.192583
0.19105
3.212924
0.193181
0.198637
0.207198
0.258293
0.257461
0.327091
0.192429
0.350891
0.906915
0.271168
0.190475
0.873705
0.790018
0.190551
0.188477
1.009494
0.841262
26.55624
0.232756
0.229968
0.458523
1.162155
0.201903
0.342851
0.288443
0.19844
0.258209
0.265466
0.182399
0.181263
0.20248
0.210201
0.189834
0.19749
0.839855
0.182562
0.193101
0.399343
0.185572
0.182431
0.594336
0.186043
0.394306
0.223028
0.219
0.277142
0.916456
0.183774
0.18428
0.182654
0.182402
0.210345
0.203362
0.426735
0.582486
0.201029
0.18566
0.39308
0.219511
1.499075
0.184262
0.638029
0.252789
0.183171
0.220083
0.230959
0.999243
0.267782
4.12535
1.321909
0.509969
0.514354
0.252766
0.221657
0.206011
0.190477
0.194534
0.191803
0.194167
0.485841
0.337961
0.309051
0.21059
0.192017
0.233417
0.37917
0.352664
0.611513
0.211382
0.191753
0.517509
0.196978
1.680647
0.236229
20.223944
0.190839
0.19126
0.332749
3.0156
0.20953
0.28187
2.044679
1.648774
0.190768
0.191219
0.251203
0.388656
0.195599
0.20248
0.191776
0.370971
2.147439
0.201718
0.442878
0.190507
0.21353
0.203734
1.7168
0.232482
0.190498
0.20965
0.208925
0.188753
0.548022
0.193071
19.330353
0.190436
0.281511
0.341665
0.96676
0.248039
0.190288
0.236176
1.053665
0.243389
0.199094
0.188613
1.104228
0.229979
2.764489
0.255022
0.19046
0.192841
0.233803
0.242128
0.312156
0.198089
0.301124
0.19075
0.686674
0.190486
0.248035
0.273347
0.190476
0.191094
0.190476
0.321196
0.193624
1.313428
0.197938
0.196476
2.123216
0.190564
0.205323
0.286327
0.192607
1.931993
0.182531
0.257988
0.202193
0.191619
0.194157
0.180815
0.196578
0.260383
0.195575
0.26328
0.201029
0.652066
0.22409
0.183844
0.205547
0.182379
0.22584
0.206716
0.206728
0.182325
0.417834
0.182336
0.191669
0.19084
0.185935
0.751449
0.212972
0.416846
0.237901
0.435885
0.209877
0.200412
0.193189
0.189176
0.337961
0.190827
0.303271
2.367948
0.188942
0.29697
0.227421
3.729859
0.188493
0.195866
0.196996
0.191199
0.727215
0.263492
0.702634
0.209988
0.98879
0.22142
0.800363
0.203507
0.229631
0.598647
2.361537
0.259233
0.884421
0.231028
0.190685
24.200386
0.239237
0.244466
0.358668
0.636401
0.564235
0.263822
0.367457
0.327408
0.221764
0.277872
0.190477
0.483415
0.188772
0.192949
0.19046
0.376748
0.260552
2.013797
0.190567
1.985888
0.242253
0.246973
1.337981
1.566656
0.242617
0.500917
0.190771
0.700148
0.202993
0.212935
0.234653
0.195663
0.190315
0.316327
0.188932
0.201334
0.217557
4.550204
0.243446
0.496807
0.23386
100.468605
0.259175
0.190476
0.189514
0.190483
1.08699
0.21941
0.209016
0.196634
0.277325
1.760425
0.24484
0.258795
0.210285
0.379223
8.423575
0.19844
0.262869
0.333339
0.652243
0.183261
0.232905
0.284115
0.203692
0.185935
2.781413
0.240352
0.219271
0.182852
0.258789
0.315636
0.228438
0.188936
0.185906
0.183571
0.623014
0.18522
0.239156
0.182381
0.192466
0.232548
0.227416
0.375019
0.926424
0.436196
1.962896
0.266386
0.194548
0.214422
0.421876
1.112128
0.190478
2.107444
0.263934
0.199792
0.219546
0.227666
0.191202
0.271515
0.190953
0.709167
20.132145
0.189128
0.231409
8.921324
0.283705
1.185591
0.23696
0.191482
0.283226
2.204778
0.190476
0.198284
0.663935
0.271009
0.196789
0.474635
0.223971
0.218483
0.205746
0.190111
0.255295
0.19067
0.636743
0.201191
0.19875
0.199694
0.477892
0.901353
0.634112
0.2084
0.193034
0.232302
0.32059
0.240569
0.190469
0.327736
0.201451
4.840947
0.191726
0.235499
0.272413
0.191107
0.301063
0.188788
0.19048
0.2034
0.583601
13.015214
0.213968
0.190915
0.204388
0.935917
0.276284
1.325656
1.441468
0.18876
0.191218
0.314564
0.271617
0.232931
0.188792
0.244692
0.191094
3.776509
0.21053
0.189489
0.193914
0.199004
0.238926
0.191911
0.21941
0.296364
0.207686
0.229023
0.204743
0.559869
0.255003
0.182769
0.183898
0.180975
0.192776
0.293961
0.630968
0.339299
0.182508
0.188936
0.183746
0.207218
1.083332
0.569595
0.297768
0.194088
0.557498
0.853563
1.381261
0.277921
0.301721
0.191323
0.208446
0.242436
0.252324
0.376748
0.194607
0.189148
1.68925
0.2325
0.27473
0.220623
0.427656
0.844715
0.326653
0.235917
0.200278
0.324135
0.428622
0.196492
0.217792
0.220777
0.197357
0.24699
12.52242
0.74497
0.263112
0.232287
0.193245
0.20004
0.232387
0.190596
0.308713
0.1905
0.198756
0.288388
0.240648
0.193072
1.388731
0.230017
0.412917
16.852585
0.400805
0.191122
0.250278
0.231263
0.197439
0.199147
0.199079
1.216484
0.188759
0.202173
0.387609
0.238702
0.188775
0.288995
0.21956
0.763353
0.259615
0.19773
0.192183
0.48427
0.204649
0.246358
1.227793
2.489798
0.627088
2.530659
0.191084
0.209164
0.19781
0.249051
0.290153
0.193448
0.347009
0.285899
0.21732
0.252754
0.397701
0.60233
0.18282
0.204745
0.18949
0.1892
1.010666
0.182147
0.186545
0.194823
0.182552
5.039038
0.180884
0.182519
0.186338
0.184105
0.181051
0.199329
0.514051
0.464871
0.182393
0.184159
1.810674
0.183387
0.182382
0.757776
0.267217
0.182843
0.225136
0.211409
0.185759
0.201555
8.94074
0.324777
0.188694
0.205047
0.306096
0.622231
0.222905
0.192304
0.210784
0.231011
0.190476
0.194211
0.278843
0.201484
0.552912
0.18927
0.757699
0.190634
0.190613
7.225555
25.054272
0.261326
0.191066
0.411537
1.171961
0.98879
0.228023
0.253127
0.188773
0.190485
1.221394
0.192514
0.190559
3.243944
0.3614
0.302743
0.190492
0.195017
0.247379
0.190399
0.229982
0.711648
1.211144
0.276269
11.62294
0.840102
0.189434
0.246047
0.243624
0.398048
0.231342
0.240438
0.200495
0.236623
0.190612
0.325546
0.193182
0.189268
0.355365
0.211423
0.191475
0.225775
6.583452
0.290264
0.201516
0.268821
0.308951
0.378356
0.775547
0.190052
0.20555
0.198374
0.190548
0.19778
0.959
0.487703
0.193034
0.716977
0.525433
36.613613
0.302837
1.302097
0.261073
0.190189
0.190518
0.312774
5.085441
0.352853
0.293307
1.056728
0.231933
0.217
0.211656
0.192318
0.219767
0.366458
0.198852
0.505595
0.199172
0.190539
0.741815
0.375608
0.237069
2.510324
0.412361
0.318118
0.182429
0.211761
0.182381
0.507496
0.19749
0.244029
0.297583
0.213534
14.431155
1.036501
0.350005
0.721637
0.370928
0.564116
0.183897
2.258773
0.184365
0.220083
0.229716
3.476649
0.20778
0.461644
0.185131
0.182092
0.309135
0.183964
0.204745
0.183964
0.304836
0.190399
0.983681
0.554819
0.24729
0.349157
0.60046
0.207658
0.227546
0.188857
0.19273
0.247622
0.474291
0.302822
0.281272
0.515568
0.190549
0.190494
0.475102
0.384565
0.192559
0.239036
0.199262
0.345148
0.270912
0.249387
0.190239
0.195286
0.327285
0.598782
0.263237
0.198868
1.401009
0.246075
0.203043
0.427619
0.293587
0.279669
0.210528
1.437096
0.246913
0.195739
0.208117
0.751806
0.201191
0.190461
0.19432
83.187119
1.437125
0.327214
3.972619
0.244726
0.559785
0.190399
0.191464
0.190955
0.211625
0.201225
0.2081
0.258559
0.190495
0.190836
0.593452
0.201196
0.457003
0.190501
0.193181
0.182801
0.255477
0.182672
0.191533
0.202933
0.190066
0.21913
0.182044
0.182205
0.639802
0.220279
1.685758
0.295028
4.877231
0.184117
2.148706
0.279978
4.656466
0.246659
0.200697
0.261323
0.622716
0.190131
0.198596
0.316891
0.192077
0.190924
0.188988
3.848078
0.191926
0.266213
0.194522
0.449016
0.26048
0.900599
0.28853
0.362073
0.190899
0.417932
0.262347
0.308906
2.485833
0.236229
1.725427
0.229184
0.192738
0.202637
0.39677
0.201718
0.19983
0.190676
0.761258
0.263213
0.19018
0.241026
0.204577
0.296905
0.194199
0.59409
0.190132
0.26507
0.20965
0.211837
0.205298
0.237111
2.959225
0.190441
0.415509
0.414742
0.605566
7.915694
0.559982
1.100127
0.283369
1.737074
0.1904
0.231407
0.193144
0.188457
2.413763
1.313597
0.19431
0.190111
1.796235
0.190476
0.188805
0.19567
0.199021
0.244228
0.197383
0.190433
0.192607
1.258064
0.192257
3.740642
8.484638
0.210733
0.256318
11.333184
0.238193
0.276651
0.269956
1.13329
0.189159
0.192154
0.229686
0.194916
0.190596
0.19513
0.231721
0.19049
0.234159
0.19781
0.190579
0.19359
1.880855
0.298787
0.230313
0.305867
0.660041
0.190481
0.193917
0.201462
2.63692
0.18967
1.577555
0.184074
0.319237
0.185298
0.238107
1.32503
0.185566
0.208689
0.194244
0.572081
0.185601
0.512926
0.380448
0.18522
0.680991
0.242068
0.206256
0.275986
0.50062
4.999815
0.338985
0.196535
0.213185
2.066627
0.261291
0.207137
0.189508
0.238448
0.190288
0.212377
0.519672
0.19827
0.226013
0.206742
0.37849
0.262396
0.189176
0.262547
0.490864
0.479865
0.53385
0.188733
0.200195
1.881768
0.190473
0.226826
0.718621
0.640602
0.24025
0.317197
0.190479
0.258557
0.214622
0.329452
0.363039
0.190653
0.380941
0.19282
0.219051
0.203171
0.305534
0.310214
0.482731
0.642622
0.190775
0.243279
0.213447
0.190507
3.56817
0.199084
0.190862
0.2352
0.198455
1.080055
0.190501
0.204243
0.197315
0.190463
0.193919
0.190594
0.191318
0.190641
0.881851
2.537251
0.193522
0.210131
0.190486
0.282336
0.29355
0.199843
0.226469
0.449264
0.19138
0.266922
0.270969
2.038267
0.19104
0.302173
0.243653
0.372608
0.777158
0.213686
0.189142
0.203703
0.375273
0.191701
0.196555
0.541449
0.267434
0.392495
0.210576
0.190923
0.188756
0.79386
0.191094
0.367928
0.299127
0.215674
0.801416
0.192403
0.189389
0.230723
0.910822
0.199455
0.190549
0.195178
0.182569
8.040594
0.182374
0.182801
0.29714
0.30595
0.193895
0.233892
0.489052
0.182381
0.199522
0.182973
0.184203
0.182596
0.278603
0.182392
0.251934
0.190999
1.276902
0.182577
0.241788
0.354751
0.191887
0.433004
0.199142
0.397307
0.323181
0.182311
0.182389
0.715188
0.220999
0.199403
0.185131
0.199854
0.224836
2.734077
0.217877
0.184365
0.201169
0.187313
0.193779
0.222248
0.240545
0.190474
0.574594
0.21267
0.190527
0.42571
0.436196
0.242546
0.267836
0.206565
0.203924
0.317814
0.258932
0.214584
0.191125
0.219549
0.266511
0.1973
0.440437
0.983156
5.005989
0.390301
0.205457
3.723723
0.244072
0.213539
0.274337
0.194783
0.376748
0.210782
0.49071
0.233924
0.315953
0.196296
0.226545
0.675597
0.373943
0.190785
1.194244
0.423934
0.19019
0.692691
0.475794
0.382553
0.190496
0.210194
0.212074
0.231279
0.189648
0.228497
1.383682
0.259781
0.190495
0.245109
0.25568
0.190443
0.231849
0.690746
0.27226
0.278374
0.274519
0.405548
0.189742
0.281405
0.234466
0.355403
6.260207
0.482462
0.77918
3.122464
9.01831
0.825795
92.866348
0.25611
0.198077
0.424925
0.191282
0.233607
1.145715
0.234374
0.188755
0.193319
0.260547
0.193643
0.191251
0.501324
0.219229
0.190525
0.192926
0.198654
2.401696
0.334894
0.192443
0.24541
0.27677
0.237647
0.191218
0.286141
4.32557
0.194019
4.948901
0.202692
0.19048
0.305457
0.192253
0.224809
0.194169
0.192617
0.199044
0.198605
0.221446
0.359454
0.264689
0.188893
0.197439
8.751944
0.291787
1.2673
0.182635
0.516218
0.182381
1.579411
0.491046
4.120397
0.185551
0.189946
0.19696
0.181007
0.225284
0.872521
0.300517
0.207857
0.711915
0.211419
0.283065
0.196401
0.181222
0.575627
0.195095
0.193939
0.240198
0.196642
0.181376
0.234747
0.203055
0.208005
0.248573
0.182787
0.84887
0.185572
0.196483
0.385648
0.191361
0.218855
0.192287
0.190558
0.198545
0.190476
0.872692
0.208246
0.727196
0.244159
0.211182
0.190477
0.264642
0.458433
0.191091
0.240731
0.190402
0.356803
0.309161
0.237493
0.190475
0.210189
11.098027
0.357033
97.525085
0.192893
0.192383
0.271098
0.597071
0.271533
0.452214
0.522998
0.325546
0.191047
0.555388
0.293007
0.18922
0.197887
0.192306
0.191237
0.190879
0.198842
0.211423
1.813829
0.19054
0.42872
0.242131
2.586964
0.245968
0.188479
1.643476
1.419363
0.204865
0.57061
0.683763
0.281835
0.821452
0.190567
0.190905
0.192376
1.536206
0.19445
0.203064
0.234385
1.271794
0.195623
0.190496
0.195373
0.190498
0.674621
0.57228
0.340348
0.34987
0.349526
0.190473
0.184827
0.182406
0.183532
0.220632
0.192268
0.217971
0.279746
0.535243
0.182456
0.214069
0.982677
0.200478
0.285143
0.255003
0.322145
0.182426
0.191267
0.273518
0.541506
0.197315
0.19979
0.293505
0.182383
0.19251
0.777826
0.199883
0.317417
0.412986
0.192322
0.291946
0.257775
0.192217
0.19221
0.952156
0.19056
0.192407
0.836235
0.233876
0.190233
0.190476
0.190594
0.202538
0.228811
0.97293
0.302213
0.190501
6.205172
0.191343
0.404045
0.527537
0.266442
0.231683
0.243885
4.60089
0.190546
0.203794
0.193119
0.364731
0.314675
0.202876
0.238849
0.29776
0.474323
0.94386
0.191033
0.207613
0.243295
0.191043
0.192452
1.668328
0.203323
0.190861
0.317224
0.190494
0.190602
0.254768
1.648662
0.364784
0.190566
0.197513
0.322223
0.191043
0.192322
0.596252
0.194976
0.510936
0.188755
0.191935
0.315049
0.214876
0.190463
0.193383
0.240913
0.204428
0.255926
3.034015
0.194734
0.195352
0.269244
0.240278
0.190111
0.310571
0.20335
0.188694
0.863688
2.19768
2.112425
0.18855
1.383854
0.190476
39.13419
0.299809
0.30583
0.239714
0.205719
0.302137
0.36489
0.686674
0.190868
6.580469
0.346651
0.331044
0.190509
0.210352
0.205538
0.614539
0.213854
0.224809
0.226204
0.20399
0.300737
1.863425
0.247409
0.626642
0.182857
0.196475
0.19749
0.598089
0.186626
0.187035
1.299935
0.44374
0.184045
0.181415
0.181005
0.216667
0.21981
0.27456
0.184564
0.189757
0.227339
0.184803
0.197117
0.194851
0.207486
0.197452
0.182714
0.215879
0.2013
0.184132
0.190075
3.00531
0.641354
0.200345
0.193342
0.212428
0.241969
0.617577
0.228765
0.366526
3.801723
0.233031
0.207954
0.579148
0.554859
0.272136
0.191607
0.190629
0.19369
2.699338
0.293825
0.364377
0.195208
0.246822
0.575539
0.562694
0.197248
0.193096
0.232133
0.190111
0.193538
0.27455
0.240631
0.188891
0.219719
0.190878
0.29096
0.769641
0.28157
0.431599
1.648774
0.229631
0.190495
0.264012
0.45734
0.222604
0.253328
0.205553
0.196243
0.192064
0.254922
0.229934
0.190819
0.667651
0.670112
0.190514
0.203533
0.458659
0.193134
0.431666
0.581638
0.289213
0.198308
0.192398
0.247987
0.195303
0.377214
0.232387
1.209804
0.197914
0.230879
0.208149
0.311705
0.190517
0.190567
0.191784
0.190477
0.199021
0.242886
0.278745
0.190476
0.19067
7.098145
15.039797
0.213343
0.190111
0.250417
1.890071
0.232544
0.190905
1.346638
0.374546
0.204085
0.273347
0.295837
0.867673
0.195239
0.190501
0.191225
0.321196
0.262222
0.615668
0.258245
0.197694
0.503133
0.215924
0.183964
0.191863
0.257852
0.37163
0.191563
0.183929
1.161781
0.19856
0.187906
0.425269
0.598089
0.218142
0.233789
0.183202
0.181818
0.203138
0.36713
0.792863
0.618745
0.485848
0.214616
0.182469
0.51748
0.193101
0.18243
23.341055
0.188358
0.206728
1.353104
0.380313
0.227314
0.190497
0.203883
0.213835
9.870323
0.421238
0.818406
0.189293
0.190111
0.813598
0.194733
0.446081
0.206901
0.235844
0.190635
0.192287
0.21432
0.192214
0.190399
0.190476
0.45813
0.190415
0.229606
0.19051
0.554562
0.191498
6.575262
0.192617
0.265375
0.570952
0.190959
0.917364
0.381236
0.630434
0.192163
0.45012
1.637642
0.952283
0.189392
0.326521
2.519433
0.36943
0.190613
0.19048
0.486898
0.228962
0.19567
0.628796
0.201073
0.199325
0.188756
0.188754
0.203827
0.202472
0.241671
0.432443
4.419855
0.442391
0.785212
0.598782
0.335427
11.319236
0.264269
0.721828
0.224478
0.271098
0.33681
0.191175
0.502754
0.190819
0.190853
2.105801
3.352162
0.417113
0.190746
0.233261
0.191511
0.490461
0.190876
0.19176
0.470475
0.276061
0.192775
0.200453
0.313921
0.8121
0.280538
0.235526
0.336264
0.344136
0.386159
0.242283
0.192142
0.198541
0.252244
0.283665
0.224403
0.218796
4.925551
0.217026
0.282821
0.343662
0.289527
0.273685
0.227785
2.897618
0.205478
0.309872
0.323217
0.192089
2.640927
0.204455
0.741547
0.190557
0.182073
0.182748
0.189536
0.214736
0.270502
0.215246
0.311142
0.914901
0.190075
0.328382
0.194975
0.212614
0.182876
0.338585
0.30774
0.26367
0.183006
0.284845
0.505408
0.213534
0.307369
0.570263
0.192088
0.190699
0.19046
0.199924
0.190139
2.284358
2.523604
0.324036
0.411818
0.204593
0.190575
0.192486
0.783761
58.137547
1.065085
0.205756
0.238677
0.203827
0.241338
0.214686
0.215019
0.245486
0.242527
0.224758
0.651333
0.190643
0.195495
0.219729
0.892546
0.191606
0.192728
0.190746
0.200881
0.937837
0.347353
2.257759
2.958139
0.190477
5.808291
0.240278
181.96019
0.296142
0.213854
0.224809
0.435026
0.232756
0.192331
0.18872
0.191767
0.524235
0.192375
0.707269
0.26035
0.200482
6.263951
0.190501
0.190861
0.201273
1.9406
0.226384
0.401112
0.557666
0.229214
0.20934
0.18238
0.191235
0.455828
0.184243
0.230756
1.090011
0.182197
0.386759
0.498063
0.366132
0.640883
0.19046
0.193285
0.193708
0.193066
0.231273
0.380074
3.06677
0.561283
0.713065
0.190476
0.214171
0.220203
0.221864
0.237624
0.743417
0.201133
0.364499
0.201795
0.205154
0.348178
0.211625
0.189065
0.563397
0.220298
1.353269
0.212972
0.204375
0.195017
0.190438
0.535114
0.198035
0.190473
0.210236
0.210579
0.274137
0.235633
0.282216
0.188712
0.188861
0.188468
0.205526
0.222604
0.190773
0.188756
0.282174
0.198448
0.255625
35.890659
0.247797
0.445802
0.193389
0.188747
0.257328
0.194024
0.53514
0.199411
0.382936
0.228944
0.250278
0.209707
0.210242
0.190681
0.244731
1.81649
0.198026
0.196555
0.265502
0.19129
0.190518
0.353574
0.377833
2.098007
0.236013
0.298661
0.202923
0.231243
0.229661
0.368674
0.546323
0.192667
1.534665
0.190479
0.231653
0.348281
0.190483
0.335325
0.320908
1.281301
0.262597
28.569138
0.201373
0.190496
0.199734
0.330367
0.201039
0.220801
0.182933
0.184225
0.443471
0.199828
0.329505
0.337072
0.204008
0.183999
0.187668
0.373109
0.870068
0.260655
0.18899
0.197363
0.184884
0.205278
0.293505
0.311614
9.548677
0.249425
0.181005
0.411401
0.200433
0.342536
0.190915
0.467917
0.191833
1.928928
0.476276
0.672117
0.19159
0.420241
0.188796
0.283513
0.190884
0.230682
0.288938
0.191498
17.537687
0.201795
0.228753
0.283502
0.188694
0.203241
0.212033
0.19013
20.947992
0.57009
0.191567
0.192455
0.190513
0.593211
0.234748
0.194919
0.263705
0.396349
0.364894
0.190523
0.188756
0.192109
0.536375
0.190565
0.200843
0.473358
0.272927
1.006775
0.736489
0.432807
0.19032
0.700274
0.190476
0.290024
0.190852
0.474234
0.232913
0.77834
0.190953
0.193657
0.224592
0.512297
0.243498
0.318882
0.377048
6.123156
0.247288
0.233145
0.197006
1.004302
0.24271
0.197362
0.191519
0.191047
0.444659
21.542171
0.190517
0.198237
0.984124
1.202065
0.190886
0.413083
0.194788
0.236369
0.19025
0.190833
0.250295
5.438759
0.250112
0.211392
0.537163
0.195048
0.190423
0.917748
0.266268
0.631289
4.739527
0.193095
0.442003
0.264046
0.29331
0.210569
41.811302
0.190736
0.189159
0.309994
0.192151
0.323134
0.283665
1.52821
0.19233
0.190975
0.19495
0.210853
0.541102
0.192592
0.191175
0.204164
0.190561
0.195967
0.618995
0.190542
0.486037
2.187585
5.555804
0.50132
0.190112
0.383482
0.273584
0.449169
0.425891
0.252533
0.223355
0.180771
0.349004
0.253865
0.201812
0.217006
0.23433
0.437661
0.192159
0.195976
0.184621
0.226563
0.525036
0.275645
0.186527
0.19679
0.193334
0.187023
0.189595
0.185838
0.182381
0.184207
2.517529
0.448794
0.284655
0.23687
0.240158
0.190997
6.117764
1.278681
0.24724
0.195494
0.255524
0.349015
0.553653
0.428818
0.538522
0.782235
0.899269
0.50386
0.430763
0.251955
0.911136
0.19315
0.325045
0.814269
0.248043
0.191883
0.192304
1.106705
0.191643
0.364649
0.190003
0.316502
5.443905
0.437052
0.833818
0.23569
14.970752
0.514015
0.257204
0.193631
0.191044
0.188589
0.240963
6.851509
1.212751
0.603353
0.884547
15.134223
0.572539
0.24901
0.201612
0.197819
0.425045
0.255024
0.19664
0.205599
0.190477
0.190794
0.19152
0.19158
0.547321
0.205022
0.208175
0.196362
0.276389
0.188757
0.815692
0.282347
0.222252
0.227745
2.866109
0.894592
0.193643
0.24516
0.190452
2.230963
8.863755
1.835484
0.762829
0.203215
0.190422
0.190267
1.19537
0.483519
1.348603
0.196291
0.222093
0.219913
0.302541
0.441672
0.230904
2.744572
0.190567
0.244653
0.190975
2.439146
7.298785
0.219073
0.19839
0.738933
0.971409
0.551304
0.231536
0.44887
0.286524
0.188479
0.439953
0.190463
0.190335
0.234302
0.229472
3.580767
0.584141
7.916835
0.211375
0.217955
0.199085
0.298214
0.208617
0.189042
0.201774
0.190862
0.21413
0.182564
0.271277
0.181008
0.269822
0.347779
0.221211
0.291419
18.270063
4.778465
0.22217
0.184586
0.894897
0.308654
0.50196
0.358938
0.185948
0.319237
0.18926
0.440119
0.34737
0.182397
0.260848
0.183909
0.951467
0.182319
0.215964
0.232068
0.299496
0.257323
0.212038
0.190635
0.190643
0.328281
2.112885
0.243613
1.196462
0.360248
6.500721
1.414085
0.239855
21.867975
0.190066
0.310822
0.261027
0.300365
0.304459
0.841197
0.193631
0.259401
28.123531
0.647723
0.190516
0.271447
0.200495
0.432443
0.223958
0.190415
0.257178
0.282347
0.202228
0.200994
0.190026
0.190484
0.559982
0.190436
0.23261
1.02588
0.992273
2.886728
0.358433
0.190473
0.286076
0.190478
0.285053
0.474626
0.805291
0.190111
1.367938
0.19849
1.597093
0.538455
5.038043
0.195167
0.229912
0.207856
0.195178
0.431419
0.242282
0.196985
0.241063
0.357734
0.197233
5.825338
0.183245
0.820331
0.319237
0.210677
0.313518
0.182381
1.66359
0.417834
0.253632
0.182402
0.291509
0.22303
0.185572
0.242026
0.220505
0.196955
0.500251
0.361737
0.184918
1.077323
0.193369
0.205278
0.576378
0.640393
0.182654
0.506754
0.269333
0.426735
0.441212
0.229133
1.453015
0.251564
0.192899
1.258443
0.916918
0.782699
0.190233
4.328153
0.632772
0.194234
0.190635
0.234141
0.246063
0.247963
0.190631
0.697361
0.201546
0.23773
0.189489
0.211304
0.277819
0.199934
0.190481
0.217535
0.80013
0.222447
0.569381
0.214439
1.81589
1.526371
0.190423
0.18876
0.316983
0.214722
0.237401
0.717747
0.323021
0.195503
0.188756
0.428705
0.212033
0.507505
0.88599
45.810772
0.242297
0.434084
0.207349
0.611389
0.257273
1.138954
0.414864
0.233509
1.524362
0.324925
0.19839
0.198797
0.211423
0.231626
1.215522
0.700011
0.205522
0.472646
0.216197
0.231958
0.749473
1.713933
14.073771
0.405821
0.193766
0.234991
18.740005
0.205744
0.289282
0.250439
0.239735
0.192443
0.190509
0.46787
0.213686
0.625455
1.474366
1.949433
0.537773
0.271871
0.249893
0.257355
0.345585
0.211656
0.190476
0.190855
0.188504
1.011919
0.185948
0.510998
0.626229
13.216142
0.182174
0.190066
0.187749
0.182552
0.186577
0.234467
0.22259
0.367656
0.182392
0.193097
3.33067
0.574717
0.239156
10.897163
0.914901
0.185921
1.145543
0.288063
0.182671
0.621602
0.219396
0.241577
0.210165
0.329247
0.192513
0.208007
0.190413
0.370683
0.190688
0.341794
0.191489
0.188887
0.391513
0.231112
0.210784
0.193277
0.204766
1.221692
0.196675
0.255412
0.190497
0.213539
0.189433
0.862775
1.113237
0.25241
0.423871
0.76129
0.430195
0.281484
0.190625
0.190613
0.190908
0.384565
0.645998
0.204582
0.661654
0.18872
0.352905
0.1904
0.207687
1.019072
0.619658
0.271009
0.287755
0.416942
0.25092
0.442663
0.225228
3.434942
0.209543
0.315105
0.225388
0.31201
0.190602
0.274117
0.193256
2.622385
0.190437
0.202601
0.190868
0.217793
1.025626
0.197092
0.188747
0.465385
0.395323
1.662505
0.194697
0.190205
1.512357
0.199146
0.273102
0.189954
0.442846
0.222055
0.307969
0.209707
0.61278
0.199694
0.368423
0.190548
0.190826
0.487703
0.190646
0.222851
0.255461
0.337226
0.199405
0.236394
0.321447
1.082898
0.190067
0.202923
13.242009
0.307575
0.620409
2.035007
0.333739
0.190424
0.592492
0.188684
0.207645
2.805777
0.199092
0.19274
0.197439
0.190476
0.190476
1.227643
0.190598
0.198374
0.740554
1.468925
0.209593
0.192308
1.637576
1.153878
0.188756
1.068501
0.252449
2.669403
0.189655
0.222216
0.199812
0.182402
0.275539
0.1813
0.182613
0.184545
0.218951
0.188293
0.573201
0.213271
0.201241
0.198104
0.615064
0.571888
0.270502
0.294398
0.189742
0.215139
0.237151
0.277968
0.182395
0.188936
0.198094
0.593795
0.195606
0.191812
0.190549
0.263875
0.406347
0.19048
0.193189
0.303931
0.425368
0.599344
0.204181
0.432794
0.760559
0.242196
11.65702
0.188682
0.190111
0.192726
0.218515
0.259637
3.110929
0.511572
0.199606
0.192634
0.188785
0.202124
0.463204
0.437004
1.078181
0.189219
0.212375
0.221639
0.38856
0.212972
0.188472
0.25086
0.190473
0.197834
94.188347
1.407896
0.190065
0.259441
0.190463
0.204418
0.223587
12.680071
0.188759
0.780193
0.245366
0.833307
0.366751
0.321007
0.218483
0.19046
0.288275
0.240808
0.665523
0.30747
0.207204
0.425149
0.190785
0.719712
0.208252
0.477715
1.510941
0.361101
0.291891
0.190905
0.19539
0.367617
2.176646
0.240569
0.212367
2.68697
3.05161
0.19046
0.231748
0.757346
0.229982
0.40202
0.1905
5.284719
0.334064
0.706074
0.19112
0.94526
0.191976
0.190567
0.19039
1.164394
2.530659
0.271871
1.276849
0.188756
0.190803
0.197239
0.211723
0.192306
1.647693
0.19349
0.501026
0.188924
0.203677
0.19125
0.198446
0.190021
17.918959
0.190665
0.269946
18.885384
0.185581
26.603289
0.194473
0.182402
0.21292
0.257307
0.181709
0.390325
0.180802
0.273518
0.189294
0.344058
5.45557
0.490222
0.360164
0.182137
0.183171
0.219396
0.182402
0.199995
0.184074
0.651509
0.208525
0.190399
0.190139
0.257775
0.19315
0.284669
0.215066
0.190566
0.237624
0.188544
1.478811
0.335241
0.302213
0.217206
0.261326
0.240631
0.589589
0.190493
0.458324
0.723058
0.200843
0.221474
0.272927
1.307129
0.485365
0.358702
0.774363
0.23939
0.599302
0.190473
0.190483
0.190724
0.195297
0.262523
0.192299
0.190494
0.226258
0.889829
0.529119
1.670019
1.273992
0.447365
0.398048
0.204909
0.249818
0.494632
0.193256
0.19021
0.190494
0.188799
0.18878
0.355815
0.23114
0.254199
0.897522
0.199587
0.19799
0.19568
0.36141
0.465999
0.19039
0.222995
0.218178
0.210761
0.455517
0.6025
0.19498
0.202683
0.428319
78.740639
0.398321
3.706285
0.196829
0.939428
0.256473
0.190529
0.217435
0.217622
1.189669
0.182367
0.182787
0.190395
0.184203
1.667538
0.39913
0.209402
0.182386
0.234227
0.450393
0.196578
0.225032
0.195394
0.182371
0.798367
0.310223
0.180953
0.204434
0.254975
0.183387
0.560423
0.201541
0.182322
0.190473
9.102493
0.240392
0.199655
0.258739
0.320026
0.231179
0.319002
0.204683
0.362728
0.279669
0.199417
0.255412
0.191031
0.682663
0.225498
0.198338
0.208041
0.188857
0.232553
0.191484
2.282811
0.352748
0.209208
0.199581
0.189102
0.190476
0.202472
1.271037
0.218306
0.206029
0.208559
0.235177
0.222347
0.296449
0.190534
0.807074
0.661977
5.942443
0.279829
51.626953
1.556985
1.764443
0.191282
0.198744
0.195237
0.207102
0.190572
0.190461
0.262876
0.22626
0.75165
0.196908
0.190612
19.10638
0.519927
0.435487
0.198237
0.260552
0.188712
0.198977
0.192287
0.33646
0.197258
1.127967
3.25582
0.197092
1.853644
0.507313
0.190833
0.276061
0.230985
0.672974
0.267082
0.357693
0.223059
0.275237
0.569217
0.200871
4.103106
0.240416
0.557669
0.356481
0.380423
0.192973
0.190521
0.736207
0.190419
0.777158
0.224098
0.59726
0.192827
0.219736
0.2367
0.335933
0.335182
1.248065
2.71231
2.570379
0.209251
0.501397
0.257371
0.781145
0.518436
0.21629
1.732531
0.219087
0.257734
0.219767
0.191443
0.182349
0.185131
0.233892
0.181376
0.707734
0.223713
2.1063
0.404596
0.182748
0.18949
0.1892
0.18312
0.183211
0.219912
0.183019
0.338379
0.203462
0.182048
0.297748
0.182552
0.988056
0.260383
0.181262
0.477116
0.184147
0.211419
0.185838
0.283065
0.582486
0.239646
0.233201
0.257257
0.277508
0.207918
0.267959
0.223549
0.309523
0.219513
0.190373
0.190563
0.196876
6.710086
0.236046
1.397467
0.199552
0.409397
0.229912
0.19315
0.210368
0.206815
0.202815
0.195654
8.844699
0.495724
11.616155
0.441841
0.194114
0.190482
0.191366
0.190575
0.278363
0.190476
0.200572
0.396527
0.331864
0.250143
0.24196
0.364671
0.205126
0.196344
0.197486
0.242733
0.25834
0.19056
0.219863
0.70438
0.264341
0.197887
0.205298
0.230029
0.206844
0.654817
1.172471
0.190476
0.23056
0.619501
0.196021
0.701154
1.636837
0.203211
0.190688
0.210104
0.205647
0.199849
1.934044
0.582371
0.193766
0.204292
0.398552
0.271499
0.35981
0.303786
0.213113
0.280246
1.653913
0.229098
0.19112
0.241028
0.199409
0.220392
0.19909
3.870461
0.190398
0.19522
2.338674
0.445893
0.393028
0.201947
0.484035
1.767838
0.219166
1.033607
0.205157
0.191505
0.412446
0.192638
0.212367
0.188787
0.673548
0.247979
0.25251
0.183462
0.751734
0.496835
0.184349
0.182462
25.490576
1.243772
2.191173
0.183068
1.707994
0.307399
0.204283
0.300622
0.445555
0.182374
0.182496
0.430185
0.298257
0.181946
0.200079
1.321297
0.182508
0.182498
0.386216
0.21953
0.301175
0.235026
4.065835
0.521089
0.189744
0.190793
0.777808
0.197186
0.193983
0.258499
0.279302
0.252577
0.682528
0.188663
0.195027
0.220056
0.232764
0.227498
0.190222
0.421747
5.858945
0.340527
0.244945
0.23063
0.190752
0.280563
0.278681
0.239855
0.190486
1.447908
0.993894
0.252272
0.232528
0.193347
0.237385
0.201084
0.372881
0.325809
0.190415
0.208117
0.192343
0.212431
0.604468
0.203926
0.42467
0.198318
0.230904
0.188913
0.190291
6.885695
0.278751
0.19083
0.190051
0.190676
0.201869
0.194734
1.077864
1.716165
0.571136
2.289576
0.236603
0.190419
0.190955
0.20507
0.25114
0.551018
0.256886
0.375518
0.337172
0.191107
0.236073
0.817025
0.462196
0.19832
0.197096
0.535513
4.523018
0.250295
0.21611
0.19868
0.304895
0.190474
0.242257
0.202115
0.19011
0.189
0.38157
0.279853
0.199079
0.418079
0.27161
1.785006
0.391428
3.639177
0.194002
0.209216
0.205746
0.61215
0.188838
0.286122
0.31356
0.19773
149.319839
0.48427
0.19902
1.829208
0.293806
0.199794
0.222995
0.188792
0.190773
1.54563
0.193673
0.191308
2.025314
0.221476
0.190476
0.207634
0.215693
0.230333
0.248311
0.409091
0.23442
0.349891
0.239448
1.055294
0.190478
0.194642
0.246983
0.219366
0.189955
0.219555
0.230574
0.193634
0.224934
0.183756
0.182385
0.21661
0.196445
0.189471
0.505851
0.217637
0.278485
0.232548
0.18097
0.186699
0.292341
0.221664
0.222164
0.2663
0.223301
0.182091
0.189414
0.183929
0.192315
0.320225
0.232696
0.251544
0.910015
0.190522
0.425838
0.459391
2.38788
2.322579
0.283502
0.19779
0.210592
0.250914
0.190049
0.366861
0.480491
0.201084
0.191031
0.20953
0.230587
0.884746
0.19255
0.204356
0.257692
0.814589
0.222277
0.20189
0.190498
0.304754
0.333808
0.214737
0.190633
0.568678
0.203883
0.42707
0.190476
1.506259
0.190773
0.536411
0.549022
0.343872
0.204093
0.357034
0.278462
0.198813
0.191019
0.188766
0.254575
0.194882
0.410633
0.259944
0.198797
0.192402
0.188838
0.771974
0.190949
0.252133
0.508197
0.188759
0.190975
0.269463
0.190935
0.203413
0.208082
0.252754
0.200164
0.19048
0.23879
0.260487
0.182381
0.77703
0.220374
0.203894
0.214273
28.499239
0.18933
4.703591
0.559869
0.181543
0.182111
1.712564
0.181044
1.029655
0.281036
0.182381
0.43218
0.185361
0.716019
0.404752
0.182393
0.184982
0.256737
0.415696
0.195682
0.230689
0.229842
0.190477
1.1554
0.267836
0.409397
0.191843
0.212038
0.191883
0.230319
0.189609
0.195237
0.190949
0.190476
0.332655
0.230619
2.984259
0.209446
0.319128
0.6608
0.19532
0.24865
6.47213
0.255299
0.290267
0.194114
0.190111
0.425667
0.232829
0.190854
0.214115
0.280163
0.48279
0.303062
0.237736
0.638629
0.197834
0.190638
0.193322
0.197081
0.71046
0.214922
0.190695
0.21498
0.192197
0.361456
0.249251
0.197119
0.227822
0.193265
0.190419
0.192253
0.780193
0.238652
0.192292
11.223639
0.21864
0.299563
0.298323
0.190868
0.190475
1.337843
0.19054
1.802438
0.245249
0.202225
0.244317
11.82361
0.191154
0.19056
0.190446
0.351174
0.191026
0.241603
0.995829
0.258666
0.188743
0.212565
0.192384
0.267569
0.323406
0.271499
0.590137
0.199406
0.219661
0.507544
1.204428
0.312209
0.190476
0.200172
0.247571
0.269493
0.22512
51.6203
0.220017
0.204838
0.190413
0.376411
1.276849
0.255079
0.272513
2.779869
0.19285
0.716776
0.200375
0.200816
0.190112
0.238608
0.190917
0.190535
1.140126
0.297511
0.405328
0.193047
0.182324
0.182395
0.322437
0.181026
0.209327
1.822357
0.832608
0.267498
0.182089
0.358728
0.181073
0.224472
0.207295
0.188346
0.18398
0.219857
3.969615
0.248564
0.45101
0.361379
0.199231
1.398317
0.284843
1.856216
0.318488
0.258932
0.190854
0.190476
3.723723
0.199581
0.304252
0.19316
0.194106
0.204346
0.220605
3.025836
0.585468
0.190433
0.249877
0.199483
0.621986
1.485026
7.156501
2.323282
0.293885
0.727247
0.199401
0.200972
0.311185
0.197846
0.230278
0.242599
0.205791
0.259599
3.056285
0.280316
0.191208
0.350717
0.267627
0.188757
0.221383
0.192253
0.684652
0.201254
0.190131
0.190398
0.223556
0.748972
0.242139
0.234739
0.861145
0.190773
0.191165
0.192039
0.428785
0.190596
0.235131
0.229293
0.190272
0.190567
0.201121
0.190746
0.201509
17.100321
0.191173
0.191935
1.438743
0.190052
0.254922
0.197284
0.309104
0.226142
0.199392
0.203138
0.302837
0.635958
0.297011
0.221576
0.190509
1.421706
0.255671
0.209124
0.242256
0.190974
0.199841
52.159447
0.188758
0.192766
0.230915
0.290121
0.351443
0.245142
0.245371
0.287542
0.190509
1.984804
4.379735
0.315003
0.19105
0.192331
0.190481
0.193047
0.34737
0.182564
0.187147
0.349035
0.269139
0.182663
0.185878
0.229095
0.347824
0.183846
0.993462
0.243584
0.247303
0.471444
0.192919
0.182113
0.228441
0.189156
0.182396
2.066627
0.189044
0.320395
0.190481
0.237525
0.224646
0.192533
0.49391
0.190399
0.190477
0.193898
0.192738
0.189609
0.239136
0.225498
0.206043
0.192261
0.288142
0.217197
0.193581
0.190717
1.788132
0.278828
0.289668
0.190571
0.199112
0.479425
0.191199
0.343354
0.231033
0.285886
0.190768
0.294097
0.19306
0.190139
0.190111
0.570869
0.238405
0.391641
0.375572
0.190473
0.579477
0.232167
0.35594
0.191199
0.190423
0.219342
60.635956
0.4627
0.310012
0.383173
2.95407
0.199457
0.204766
0.232634
0.638914
0.190476
0.434084
0.234668
0.190476
0.506337
0.190514
0.203533
0.194663
0.190955
0.190729
0.373367
0.203824
0.194395
0.992273
0.216565
0.191018
0.19462
0.193441
0.190815
0.513089
0.358433
0.238702
0.277364
0.34493
0.258171
0.188939
0.199021
0.253551
0.827965
0.192189
0.242933
2.509384
0.20335
0.779081
0.19302
6.039635
0.78313
0.89682
0.219552
0.244578
0.213993
2.805777
2.640927
0.98631
0.478072
0.273198
0.249893
0.252954
6.604654
0.248194
0.251358
0.192331
0.189096
0.190495
33.259148
0.248864
0.191928
0.191274
0.477938
9.181912
0.190111
0.199039
0.181885
0.182973
0.21417
0.202714
0.181004
0.183964
0.20028
0.245083
0.19856
0.392943
0.449621
53.64854
0.185906
0.192695
0.190651
0.368866
0.225489
0.182714
0.58345
0.680692
0.274125
0.193047
0.182672
0.672314
0.182669
0.618934
0.182387
0.316914
0.202155
0.192704
0.235124
0.224941
0.193277
0.215541
0.190476
0.19087
0.234425
0.224344
0.275085
0.413503
0.57009
0.3311
0.191953
0.190535
0.194283
0.364279
0.327594
0.564318
0.795525
0.26339
5.718513
0.192491
0.191341
0.192644
2.179585
4.360486
0.298686
0.4765
0.198416
0.40697
0.290024
0.244878
0.282872
0.835719
0.209816
0.268173
0.260093
0.656304
0.191391
0.19272
0.190476
0.190979
0.200513
2.051161
0.191251
0.305031
0.197985
0.3469
0.241199
0.190492
5.812709
0.364164
0.19022
0.408681
0.242933
0.749977
1.57103
0.190657
0.190471
0.834326
0.234981
1.254774
0.199004
0.2075
0.190597
0.204151
0.198644
0.190111
0.251677
0.192508
0.470194
0.366564
0.234373
0.80692
0.191509
0.313841
0.184794
0.630406
0.220713
0.397258
0.192652
0.254354
0.349035
0.394617
0.19856
0.192556
0.26355
26.244211
2.860559
0.184619
0.304378
0.186529
0.262051
0.211419
0.222435
0.263349
0.182402
0.186521
0.21936
2.156817
6.802484
0.536574
0.331332
0.206023
0.626647
0.190597
0.22499
0.49712
1.161309
0.57433
0.328059
0.258972
0.499375
0.461276
0.231607
0.248448
0.326401
0.530766
0.189081
1.478811
2.215789
0.208078
0.197772
0.188891
168.448944
0.201193
0.190177
0.237443
0.191288
0.292186
0.196476
4.419855
1.716165
0.195127
0.192168
0.350314
0.294663
0.58533
0.194016
0.191829
0.190633
0.463396
0.272251
0.682513
0.295265
0.192673
0.226157
0.221133
0.405894
0.194788
0.274559
0.189044
0.734936
0.327549
0.217023
0.197284
0.18971
0.226142
0.234178
0.361327
0.191689
0.190465
0.303336
0.302479
0.205289
0.326994
0.346052
0.239881
0.252738
0.23318
0.359636
0.988094
0.190067
0.199128
5.284719
1.753176
0.244637
0.947275
0.219513
0.189813
0.192497
0.190138
0.729651
0.261665
0.189878
0.293254
0.192138
0.218275
0.196543
0.202449
0.194017
0.386274
0.931453
0.198101
0.561275
0.327529
0.203568
0.425891
0.181739
3.571048
0.223329
0.215505
0.503608
0.412607
0.182374
0.520588
0.18507
0.227591
0.190405
0.519385
0.2001
0.190906
1.417559
0.19005
0.190476
0.190643
0.188717
0.192156
0.238431
0.384362
0.252661
0.247622
0.292818
2.453866
0.756556
0.19177
0.190468
0.543476
0.364279
0.284985
0.191031
0.258375
0.241587
0.234756
0.251203
0.320295
0.19098
0.192259
0.232063
0.200539
0.308511
0.23344
0.192311
0.223692
0.269178
0.249664
0.226009
0.195495
0.33133
0.250358
0.188911
0.287282
1.572129
0.235684
1.357038
0.398112
0.327341
0.201936
0.281303
0.194341
0.191559
0.448374
0.19917
0.373367
0.196914
0.199448
0.199905
0.231811
0.40852
0.231559
0.908447
0.190518
0.433803
0.198797
0.209216
5.437259
0.238023
0.201456
0.197077
0.191928
0.202911
0.199885
0.225843
0.198878
0.203479
0.191071
0.241624
0.2367
0.30601
0.305348
0.497305
0.190486
1.059985
0.320908
0.218833
0.232931
0.201116
8.968309
0.191523
0.19059
0.19635
2.34985
0.194025
0.345585
0.236923
0.283762
0.351249
0.183832
0.182016
0.256557
0.405947
0.182484
0.184191
0.184147
0.441281
0.182366
0.419868
1.39394
0.22303
11.742448
0.182582
0.191255
0.274844
0.196483
0.820736
19.69268
0.182457
0.849978
2.827357
0.182385
0.196659
0.191176
0.184619
0.182565
0.213858
0.237996
0.441212
0.553475
0.182395
0.190514
0.615436
0.200539
0.285154
0.445004
0.365418
0.280201
0.204099
0.192275
0.240425
0.859904
0.188865
0.369598
0.241894
0.337636
0.190716
0.210368
0.213602
0.236959
0.99641
0.191854
0.210592
0.217153
0.23517
0.190049
0.381468
0.635139
0.661586
0.190613
0.191043
0.259754
0.199957
0.500499
5.847852
0.205924
0.20308
0.240416
0.307881
0.669791
17.217678
0.483246
0.206029
0.23252
1.586816
4.337524
0.497898
0.263764
0.237191
0.323775
0.199727
0.190862
0.214439
0.200071
0.190481
0.190415
0.190697
0.196858
0.190535
0.200994
0.189358
0.19502
0.188853
0.197839
6.672162
0.424284
0.340881
0.386246
0.403689
0.300546
0.189114
0.188756
0.316675
1.670142
0.201912
0.292645
0.188838
0.242001
1.211703
0.191257
0.253964
0.190111
0.485103
1.861689
0.241994
0.197092
1.604211
0.636378
0.201204
0.191175
0.191886
0.24309
0.199989
2.029267
0.190133
0.200375
0.199734
0.2791
0.332551
0.191848
0.195167
0.262417
3.352932
0.199241
13.48627
0.438925
0.615174
0.195029
0.29913
0.197556
0.971533
0.183113
0.182893
0.192
0.221677
0.482357
0.182381
0.253147
0.194244
0.260133
0.19398
0.184202
0.199142
5.697501
0.216568
0.788566
0.221814
2.207895
0.182528
0.184944
0.443583
0.182381
1.029854
0.263342
0.20028
0.190225
0.192652
0.185788
0.197233
0.383699
0.19986
0.232584
0.234861
0.585451
1.47654
0.197006
0.28483
0.207453
0.223602
2.016398
0.19357
3.898282
0.232195
0.344136
0.21791
0.206835
0.191878
0.618404
0.343354
0.234667
0.224488
0.191043
0.310223
0.190112
0.192455
3.211635
1.186834
0.18878
0.191216
0.19474
0.740232
1.227255
0.331451
0.188414
0.340071
0.195286
0.192579
0.243724
1.061362
0.190228
0.25114
0.19386
0.190476
0.251358
0.484524
0.190476
0.192701
0.358167
0.202601
0.3545
0.201509
0.205887
13.770977
0.419146
0.227374
0.202225
0.298946
0.432072
4.521633
1.431427
5.598409
0.591405
0.190475
0.191429
1.31031
0.636378
0.211723
0.249893
0.319847
0.257355
0.321196
0.192727
0.194491
0.192392
0.337835
4.460958
0.190223
0.209779
0.505595
0.193388
0.188438
0.214637
0.208703
0.203704
0.190476
0.190803
0.220778
0.600404
0.211727
0.183833
0.18221
0.218776
0.181079
0.240951
0.291021
0.37718
0.410372
0.191163
6.12154
0.213192
0.220438
0.18398
0.211156
0.185838
0.916983
1.972514
0.182433
0.198629
0.200657
0.214901
0.278233
0.192275
1.103523
0.345359
0.34712
0.220798
0.407432
0.192233
0.19124
0.303322
10.62739
0.195283
0.347217
0.198738
0.196639
0.190766
0.205975
0.439413
0.190482
0.196996
0.190561
0.202491
0.497826
0.190291
0.690927
0.551106
0.243724
0.585427
1.7137
0.223297
0.204766
0.195185
0.193252
0.201526
7.091074
0.213823
0.33783
0.250721
0.534814
0.309469
0.533832
0.193573
0.253013
1.390538
0.226261
0.201842
0.190556
0.373808
0.190495
0.198756
0.32587
0.363965
3.1898
0.237115
0.992273
0.200751
0.648877
0.27361
0.302899
0.674421
0.222353
0.234013
0.190948
1.115822
0.225968
0.231433
0.355198
0.364164
0.193673
0.834368
0.200443
0.571811
0.224174
0.190114
0.24136
0.518583
1.009267
0.210585
0.290175
0.23852
0.26341
0.354122
0.190478
0.190558
0.439493
0.194282
0.843792
0.193155
0.248173
0.190473
0.525868
0.866595
0.206889
0.300393
4.934657
3.870461
0.201116
0.19522
0.192197
0.198808
1.185809
0.188792
0.212668
0.190476
6.393691
0.419604
0.246385
0.561403
0.334993
1.645582
0.233442
0.194611
0.195348
0.182417
0.184792
0.208382
0.238394
0.182596
0.18221
0.183503
0.439169
0.180998
0.18688
0.21483
1.073206
0.18104
0.716737
12.722876
0.401578
0.191137
5.979515
0.188795
0.192091
0.204655
0.215024
0.445229
0.210853
0.24057
0.325045
0.190478
0.425575
2.074765
0.955945
0.448112
1.189728
0.260255
0.190952
0.190527
0.300365
0.191878
0.256479
0.2399
0.191465
1.655833
0.434662
1.86258
0.190775
0.192514
0.229427
0.190496
0.228497
0.26155
1.872027
0.190597
0.232924
0.736068
0.384169
0.191776
0.231065
0.534814
0.197537
0.1967
0.190196
0.190478
0.193035
0.190148
10.216772
0.216275
0.203643
0.20914
0.190399
1.051653
0.433777
0.215857
0.239941
0.202228
0.728759
0.244343
9.453517
0.20442
0.200147
0.32508
0.229351
0.326763
0.190386
0.227191
0.273821
0.211078
0.330877
0.19088
0.274658
0.468027
0.203115
0.451853
8.494924
0.188744
0.210514
0.453554
0.233663
0.18971
0.236433
0.200853
0.190483
0.19087
0.240358
0.312156
9.677704
2.015788
0.190457
0.18855
0.260407
1.978239
11.035605
0.203633
0.212144
0.325405
0.194158
0.380028
1.387522
0.203539
0.230656
0.207841
0.190413
0.194228
4.695194
0.197362
0.190476
0.245967
0.245878
0.367947
0.19445
0.277267
0.200816
0.196789
0.213489
0.215693
0.199882
0.373948
0.712619
0.463877
2.93579
0.474248
0.281665
1.170648
0.212614
0.793387
0.394929
0.183027
0.364378
0.423447
2.224856
0.239325
0.311284
19.216606
0.183166
0.636228
0.293882
0.254994
0.181092
0.328318
1.955464
0.200662
0.242902
0.227458
0.46939
0.229953
0.2583
0.19061
0.267549
0.44784
0.196649
0.190172
1.487918
0.251188
1.278047
0.275573
0.880053
0.200613
0.192131
0.56915
0.462327
0.194081
0.195127
1.141371
0.201253
0.808857
0.360105
0.332655
0.252614
0.190478
0.190917
0.209768
1.051903
0.19048
0.489457
0.317501
1.327872
0.190953
0.210307
0.710111
3.987566
0.482804
0.455405
0.198934
0.256995
0.199203
0.848202
0.189164
0.188759
0.203171
0.274249
0.193204
0.198365
1.462014
0.341433
0.190655
0.285908
0.889264
0.197383
0.917695
0.19053
0.199566
0.517817
0.247605
0.190288
0.325103
0.190477
0.372006
0.202372
0.201254
0.188755
0.335258
0.508232
0.207672
0.27202
0.190567
0.192447
0.569258
0.198713
1.493526
0.636798
1.242134
0.190097
0.193522
0.210363
0.256477
0.190436
0.190478
0.192736
0.812886
0.473468
0.245781
0.199335
0.196537
0.42198
0.266693
0.194575
0.697206
0.271119
0.191933
1.281301
0.219166
0.751813
3.214907
0.195673
0.241898
0.32356
1.568837
0.195838
0.40865
0.463877
0.221133
1.563427
0.196844
0.195884
1.28211
0.381547
0.182387
0.183269
0.284632
0.229046
0.188022
0.182441
0.186044
0.181674
0.182262
0.627287
0.444994
0.181145
0.749468
0.215139
1.807331
0.184562
0.215175
0.184647
0.19749
0.697392
0.24735
0.183027
0.271277
11.742448
0.21245
0.190395
0.233215
0.182147
0.281794
0.401841
0.190476
0.227953
0.258932
0.293155
0.194319
0.288845
0.420241
0.651407
0.94189
0.192131
0.266213
0.815963
0.189673
0.193719
0.190111
0.294871
0.286105
6.910374
0.573206
0.291006
0.189008
0.190785
0.268178
0.190475
0.256199
0.250643
1.442482
0.228962
0.188893
0.192356
0.772616
0.362757
0.236634
0.233255
0.396527
0.19361
0.329893
0.202467
0.190443
2.187585
0.247301
0.315407
6.377268
0.198744
0.502883
0.190406
0.298653
0.192865
0.188767
0.282174
0.295504
0.401765
0.276019
0.226009
0.234083
0.670112
0.281788
0.363588
0.215912
0.192322
0.61709
0.190665
0.20421
0.190533
0.237115
8.712752
1.147055
0.195256
0.191283
0.19571
0.199809
0.229982
0.382817
0.219087
0.501426
0.27655
0.243279
0.34499
0.646412
0.262417
0.281448
0.190477
0.433771
0.196978
0.27201
0.199089
0.506786
0.304349
0.182399
0.193762
0.228685
0.367191
0.298733
0.251934
0.185377
6.449197
0.180975
1.131195
0.182442
0.182381
0.182513
0.406028
0.2885
0.237097
0.202122
0.350655
0.652366
0.422839
0.190446
0.197044
0.284614
0.253934
1.224715
0.22345
0.240297
0.189856
0.193962
0.205457
33.479935
0.32847
0.190746
0.232437
0.189609
0.31838
0.202699
0.200514
0.240638
1.204117
0.244008
7.165557
0.596696
0.245961
0.190941
0.190635
0.363383
0.649271
0.198868
0.193924
0.373917
0.193182
5.912464
2.105801
0.315186
0.306055
1.529884
0.412286
0.299209
0.783204
4.316937
0.19502
0.190729
0.190097
0.996579
0.188478
0.199881
0.227648
0.303397
0.268855
0.19539
0.409431
0.279853
0.190483
0.204464
0.217288
0.296387
0.983438
0.269445
0.242944
0.188619
0.63514
0.241059
0.188769
0.268854
0.192495
0.188838
0.234144
0.206969
0.408826
0.209805
0.576293
0.202517
0.190707
0.253768
0.469302
0.190437
0.22888
0.213694
1.498614
0.422283
0.436756
0.192592
4.802103
0.253391
0.190542
0.190612
136.050888
0.198837
0.199407
0.182766
0.185944
0.39727
0.183752
0.213812
0.18221
0.303827
0.19856
0.215729
0.214823
0.214843
4.636955
11.364949
26.063244
0.247789
0.187313
0.196565
0.887798
0.207571
0.188749
0.266417
0.19053
0.2424
0.206011
0.192533
0.232318
0.259141
0.651407
0.195345
2.624914
0.259838
0.245298
0.232888
0.203246
0.191522
5.797087
0.211849
0.209768
0.253135
0.217449
2.895304
0.275845
0.205975
0.342967
0.200514
0.273919
0.260431
0.257204
0.244685
0.339348
0.192148
0.190549
0.193347
0.256163
0.584553
0.18847
0.222914
0.191091
0.193031
0.192201
0.229656
0.190768
0.207805
0.586933
0.238405
0.190488
0.190478
0.205383
0.235755
0.354178
1.042202
0.297015
0.245353
0.209785
0.384766
0.191018
0.191285
0.189092
12.946452
0.190697
0.190943
0.204673
0.19306
0.200069
0.19445
0.192447
0.228477
0.190583
0.234419
0.195474
0.191641
0.192923
0.190478
0.21911
0.188463
0.194776
0.386739
0.189148
0.190785
0.298686
0.199094
0.193165
0.214876
0.19011
4.049362
0.279853
0.409844
0.257348
0.560972
0.190556
0.28513
0.1908
0.246517
0.73364
0.256996
0.340027
7.010204
1.263378
0.342619
0.230763
0.188756
0.286863
0.230994
0.274162
0.200606
0.275919
1.284687
0.191607
0.221757
0.518367
0.304251
0.190932
0.203961
0.207564
0.470368
0.205538
0.339711
0.716776
0.201421
0.2075
0.238608
0.778467
0.471562
0.497115
0.248833
0.195918
0.184827
0.182765
0.225927
0.240198
0.510211
0.260645
0.181195
0.181006
0.863055
0.214736
0.228467
0.251064
0.19601
0.195769
3.925218
0.182271
0.245605
4.383001
0.414975
0.182082
6.448439
0.723471
0.182158
0.308836
0.204527
0.220438
0.308669
0.242232
0.232125
0.181499
0.207391
0.255469
0.187139
0.233419
0.190156
9.218566
0.184132
0.27778
0.196578
0.236151
0.199405
0.188749
0.515555
0.190688
0.427129
0.18893
0.193605
0.231484
0.190239
0.201327
0.909899
0.500638
0.233005
0.190476
0.214171
0.958896
0.223602
0.190476
0.280787
0.263865
0.190552
0.202005
0.273465
0.274565
0.209446
0.188745
1.15465
0.204346
0.777619
0.19272
0.189047
0.199483
0.226331
0.190399
1.552077
0.363399
0.233176
0.19983
0.399349
0.250954
0.191776
0.310066
0.198317
0.201289
0.240393
0.193607
0.194188
0.190596
0.240648
0.19373
0.188747
0.19088
0.189815
0.342045
0.233068
0.190496
0.197454
0.19432
0.517958
0.222055
0.190385
0.733217
0.322191
0.196823
2.081027
0.223735
0.284789
0.762502
0.921383
0.190514
0.272002
0.252449
0.316327
0.876863
1.098552
0.192371
0.211818
1.480229
0.323134
0.197259
0.301115
1.97463
0.276585
0.280831
0.190422
1.269703
0.194665
0.193209
0.188756
0.233204
0.190476
0.451568
0.539962
0.204741
0.69576
0.458488
1.093066
0.324616
2.678997
0.240006
1.451086
0.22812
0.203995
0.208703
0.219771
0.401413
0.187035
0.182089
0.2549
0.316665
0.317134
0.355823
0.182382
1.84256
0.225633
0.196955
0.192301
0.433004
0.191098
1.143837
4.89572
0.182032
0.342907
0.193895
0.182417
0.182857
0.1813
2.582128
0.279202
0.184045
0.226366
0.182596
0.726478
0.257289
0.190477
1.390639
0.199435
0.203307
0.964259
0.231535
3.797975
0.194902
0.192339
0.249421
0.756258
0.495598
0.841908
0.197248
0.211304
0.34311
0.200806
0.21045
0.203712
0.192368
0.189514
0.19041
1.407333
0.190177
0.198343
11.302813
0.190416
0.190641
0.190511
0.200387
0.248994
0.26496
0.208475
0.322873
14.634202
7.814302
0.198545
0.240358
0.377481
0.190484
0.248457
0.237416
0.230565
0.228944
0.210718
0.613161
0.190892
0.242587
2.640927
0.585133
0.28325
1.068501
0.41389
0.191032
0.300484
0.239852
0.272618
0.194788
0.201073
4.506634
0.275941
0.182016
0.193254
0.347775
0.851452
0.247061
0.2122
4.024539
0.181004
1.438395
0.612563
0.243812
0.189697
0.274613
0.213659
0.219857
0.18428
1.944579
1.32968
0.213095
0.232621
1.396224
0.298124
0.190607
0.271153
0.465042
0.230411
0.191499
0.543234
0.322579
0.723938
0.263451
1.168333
6.676763
0.227515
5.100368
0.445
0.265375
0.31596
0.334023
0.242782
0.190624
0.509303
0.240433
0.190752
0.360782
0.19926
0.231028
0.232167
0.194344
0.203734
0.222404
0.411889
0.209815
0.215019
0.313386
0.201492
0.284001
0.269083
0.19894
0.384327
0.190549
0.230586
0.339098
0.420498
0.190488
0.366751
0.216111
0.253783
5.448582
0.238379
0.399922
0.190026
1.41139
0.19046
0.291883
0.190436
4.804158
0.191854
0.212957
0.327843
0.190826
0.203337
0.244294
2.051399
0.281825
6.83999
0.464404
1.574184
1.170403
1.023762
0.363492
0.21062
0.190491
0.190275
0.19046
0.207198
0.231366
0.325328
0.196452
0.204047
0.505298
0.191782
0.72941
0.280843
0.190487
0.220404
0.202999
0.199791
0.236034
0.189439
0.190398
0.189285
0.734398
0.190398
0.435137
1.229533
2.187585
0.209593
0.215684
0.192638
0.21732
0.190299
0.572493
0.190484
0.846506
0.189361
0.338585
0.923426
0.182683
0.190869
0.250081
0.185788
0.242026
0.182779
0.181931
0.236795
0.255279
0.180945
0.190623
0.182382
0.334016
0.436353
0.186552
0.185759
0.183895
0.231472
0.190521
0.190128
0.517492
0.580346
0.61159
0.514354
0.212038
0.190477
0.274696
0.21661
0.322924
0.285177
0.762298
0.191854
0.188743
0.193283
0.236522
0.189065
0.189434
0.239597
0.189232
0.229629
0.208766
0.19131
0.190494
0.24864
0.299887
0.256015
0.198802
0.194559
0.191745
0.199823
0.236161
0.190536
0.351992
0.191216
0.204192
0.760333
0.238609
0.200889
0.19046
0.415838
2.989161
0.231869
0.190643
0.24952
0.607525
0.597857
0.188482
0.211907
0.354286
0.193182
0.190577
0.261419
0.192292
1.36141
0.221946
2.293462
0.45266
0.191293
0.281176
1.005292
2.029593
0.223756
0.417815
0.190097
0.472733
0.192447
0.200881
0.326693
0.190901
0.228944
0.231546
0.191562
0.699104
2.651705
0.190226
0.190482
0.250589
0.191977
0.561809
0.194075
0.282974
0.217385
0.334064
0.274179
0.245822
0.208925
0.244711
0.429878
0.198786
0.199086
0.337605
0.337693
2.12271
0.190868
0.190892
0.199794
0.284951
0.207227
0.389064
0.255079
0.233469
0.21131
0.446112
0.53977
0.366389
0.209053
0.234385
0.190148
0.32254
0.270691
0.188248
0.391035
0.951683
0.455102
0.217344
5.829225
0.524802
0.272496
0.669178
0.221211
0.196053
0.221677
0.265923
0.5472
0.609918
0.256513
0.247156
0.18239
0.192695
0.192466
0.182665
0.187837
0.182381
0.284054
0.288063
0.220751
0.190109
0.190478
0.329426
0.443767
0.672551
0.500383
0.191843
0.298144
0.190225
0.562743
0.445095
0.203137
0.285127
0.549049
0.249799
2.034366
0.411426
0.271154
0.300563
0.19049
0.57723
0.247622
0.199678
2.408381
0.190476
0.331561
2.491281
0.663859
2.55699
0.217247
0.201622
0.193348
0.256144
6.815569
0.257281
0.285884
0.188857
0.214325
0.190661
0.395167
0.190494
0.730657
0.329831
0.234394
0.203043
0.79759
0.447365
0.190476
0.50948
0.192582
0.235018
0.238363
0.21046
0.305199
0.230574
0.190475
0.190833
0.229866
0.221181
0.189148
0.190533
7.858157
0.19046
0.268855
9.608774
0.23234
0.211242
0.227928
0.711465
5.038111
0.190205
0.236163
0.190598
0.190111
0.236257
0.200941
0.219097
0.194439
0.199548
0.209251
0.215284
0.192766
0.629363
0.19909
8.885258
0.188477
8.658401
0.203827
0.192443
0.19011
0.251286
0.191166
0.233326
0.190698
0.199882
0.237494
0.55292
0.234043
0.250108
0.300176
0.24528
1.821197
0.346051
0.374287
0.220445
0.256084
0.225529
1.161938
0.18949
0.182367
0.236413
0.228256
0.254833
0.182431
0.181079
0.182382
0.184621
0.182504
0.181054
0.180955
0.199812
1.675484
1.105126
0.189955
0.365736
1.07632
0.186749
0.240111
0.211727
0.182366
0.182893
0.184304
0.383237
0.242026
2.616809
0.191489
0.188414
0.230769
0.192092
0.210784
0.239786
1.603483
0.18927
1.232359
0.190505
0.510253
0.190477
0.273465
0.195689
0.190594
0.333364
2.592296
0.190785
0.249702
0.592603
0.190557
0.237805
0.195127
0.470665
0.742451
0.268178
6.233704
0.199567
0.309005
0.190831
0.190473
0.195959
0.199007
0.200489
0.395167
0.339973
0.202043
0.238254
0.193472
0.242733
0.361309
0.40896
0.228003
0.238227
0.281058
0.389505
0.189815
0.248039
0.239908
0.238835
0.191173
0.359741
0.250489
0.19844
0.343528
0.193738
0.973091
0.945049
0.190476
0.503755
0.301486
0.203568
0.452709
0.191541
0.246979
0.19446
0.189285
0.208223
0.267101
0.303515
0.213464
1.498358
0.660412
1.535263
0.338388
0.228891
0.611899
0.182379
0.345991
0.337461
0.190257
11.742448
0.184373
1.295277
0.184874
0.183491
0.228003
0.308669
18.024736
0.203138
0.202671
0.216958
0.727315
0.231283
0.230278
0.305622
0.692542
0.196136
0.190681
0.190803
0.595335
1.985829
0.192483
1.311646
0.195402
0.234048
0.368376
0.237627
0.23063
0.206301
0.190476
0.239597
0.423377
0.200951
0.198856
0.190239
0.19207
0.190868
0.200239
0.191953
0.615616
0.402402
0.395167
2.290671
0.305758
0.985256
0.191328
0.227745
0.509828
0.193053
0.199273
0.751371
1.919969
16.932199
0.239597
0.189226
0.276778
0.262837
0.345343
0.250769
0.2384
0.299031
0.308607
0.190386
0.190637
0.917748
0.232682
0.415705
0.255022
0.229982
0.629189
2.615638
0.319536
0.571993
0.189594
0.233613
0.623473
0.230984
0.472307
0.336218
0.47919
0.285325
0.192495
0.190601
0.732693
0.397176
1.447933
0.293582
2.962398
0.190551
0.218833
1.678505
7.453094
0.204164
0.194055
0.192443
0.227017
0.993209
0.764637
0.410391
0.203413
6.181975
0.183152
0.243747
0.182998
3.439326
0.328357
0.206671
0.204553
40.781925
0.184462
0.856937
5.19968
0.192
0.215201
0.189418
0.232548
0.649583
0.183209
0.252789
0.189809
0.18723
0.23095
0.242668
0.192956
0.197135
0.200346
0.190399
0.190476
0.194234
0.221868
0.19706
0.194534
0.188767
0.824879
0.192214
0.223739
0.189803
0.286854
0.350858
0.708252
0.489368
0.267404
0.859848
0.312832
0.205083
0.871321
0.722103
0.190049
0.252572
0.192368
0.200343
0.877097
0.562511
0.285034
0.364349
4.439361
0.22482
3.09789
0.22643
0.466965
0.192868
0.350167
1.219287
0.19475
0.768915
0.192039
0.513662
0.22671
0.335046
0.210976
0.246478
0.190476
0.188755
1.352161
0.370025
1.558014
0.19368
0.190494
0.190773
0.190026
0.188692
0.19084
0.19272
0.288163
0.336584
0.294477
1.22244
0.190119
0.232019
0.218734
0.459444
0.196525
0.253872
0.211242
0.472767
0.38902
0.247143
0.284475
0.190558
0.30583
0.294395
0.282826
0.190622
0.190182
0.60409
5.319266
0.192671
0.198541
1.624941
0.615592
0.200629
0.195827
0.192359
0.191025
0.201744
1.852382
0.19719
0.212554
0.206713
1.323401
0.22383
0.216942
0.291379
0.196829
0.277325
0.198035
0.28425
0.184804
0.239336
0.443583
0.18455
0.182089
0.21245
0.22949
0.197233
0.231029
0.182382
0.190562
0.530411
0.182436
1.216748
0.370928
0.192231
0.185906
0.468462
0.341155
0.225608
0.806718
0.210334
0.263349
0.182555
0.181005
3.805658
0.368065
0.204753
0.251702
0.183844
0.182032
0.21605
0.196876
2.864224
1.210273
0.227512
0.188838
0.188757
0.400516
0.270368
0.230589
0.210792
0.19706
0.588943
0.443427
0.239786
0.233924
2.040361
0.194522
0.486683
1.100973
0.22285
0.19255
0.193772
0.212185
0.190641
0.191416
0.193283
0.215527
0.192411
0.223059
0.429475
0.235249
0.263678
0.357525
3.485326
0.211951
0.219051
0.807079
1.57677
0.19169
0.211996
0.237833
0.52162
0.192873
0.598647
0.195178
0.189473
0.605319
0.476442
0.644915
0.190399
6.141832
0.196258
0.238038
0.500672
0.282818
0.201526
0.200489
0.193265
0.871178
0.568678
0.197298
0.20004
1.237328
0.209953
0.20442
0.203589
0.56674
0.241546
0.190111
0.542374
0.236819
0.192411
0.203975
0.242708
1.379159
0.941601
0.278576
0.190113
0.19571
0.189067
0.204665
0.231868
0.296387
1.618532
0.188694
2.129957
0.188685
0.602209
0.22739
0.244258
0.188792
0.567186
0.214248
0.190919
51.667179
0.220404
2.403988
0.63188
0.193592
0.192183
0.202449
0.188473
0.244235
2.324255
0.193188
0.190486
1.270819
0.306919
1.605391
0.191464
0.201039
0.373948
0.190535
0.188713
0.689305
0.244347
0.240241
0.188641
0.249223
0.190477
0.398321
0.191975
0.190872
0.328725
0.260854
0.1892
0.215179
0.190225
0.182562
0.329475
0.186044
0.180884
0.199023
0.419142
51.942894
0.20121
0.201169
0.218636
0.182627
0.32614
0.22303
0.181025
0.205573
0.194118
0.229912
0.22499
0.191788
0.22345
0.214171
0.19351
0.19056
0.19048
0.729559
0.194855
0.516324
0.19311
1.566498
0.406805
0.211382
0.193048
0.280363
0.209208
0.199382
2.515736
0.208078
0.239445
0.191066
0.428191
0.190108
0.197797
0.253127
1.183915
0.255136
0.24864
0.935651
0.211951
0.215166
0.191541
0.556489
0.190492
0.189453
0.260277
0.58533
0.194527
0.64944
0.264269
0.190419
0.190903
0.474721
0.204427
1.223014
0.190534
0.240641
0.190853
0.288905
0.494726
0.255817
0.73534
0.21911
0.190482
0.384185
1.614128
0.3147
0.857967
0.46153
0.188759
0.42198
0.206407
0.224174
0.192229
0.227643
0.193914
0.192403
0.206598
0.22383
0.201421
0.419604
0.910822
0.196178
0.487463
0.194744
0.283811
1.347594
0.231977
0.190399
0.198837
0.183662
0.184074
0.184792
0.182382
0.182366
0.865721
0.202714
0.223866
0.183752
0.182319
0.703157
0.18378
0.182154
0.234556
0.290636
0.449621
0.18234
5.590377
0.20596
0.201654
0.182384
1.728204
0.456797
0.254571
0.193534
3.232648
0.190424
0.229387
0.199381
0.190475
0.232874
0.188796
0.198545
1.263567
1.025716
0.191643
0.230732
0.748328
0.191893
0.188757
0.209223
0.32308
0.199667
0.190572
0.275422
0.19177
1.178214
0.749946
0.190641
1.142189
0.255997
0.430409
0.454949
0.611971
0.282306
0.192865
0.191268
0.190476
0.217303
0.327187
0.718615
5.69424
0.205022
0.264269
0.268855
0.260339
0.206636
0.191441
0.41324
0.190596
0.272079
0.274117
0.32508
0.238227
0.204909
0.325056
0.190111
0.231044
0.195303
0.499006
0.190476
2.618498
0.196914
0.199094
0.300614
0.210395
0.40852
0.310946
0.327901
0.577896
21.429113
0.242847
0.219097
0.236248
0.191257
0.210135
0.213903
0.231325
0.188849
0.213113
0.196316
0.190192
0.467714
0.190176
0.324372
0.241288
0.19014
0.542087
0.207161
0.192704
0.352853
0.88739
0.212554
21.390917
1.730649
0.368837
0.191166
0.423308
0.190254
0.191464
0.44887
0.571266
0.192617
0.256712
0.194851
0.190533
0.189757
0.203894
0.432993
0.182627
0.181002
0.510211
0.651509
2.6496
0.205573
0.215139
0.663437
0.192263
0.180965
0.279592
0.182383
0.201612
0.182393
18.112894
0.397307
0.237996
0.189851
0.182091
0.198629
0.785764
0.190129
0.191122
0.226774
0.207123
5.465215
0.205903
0.34639
2.84593
0.19047
0.234559
0.468057
0.338585
0.190389
0.190399
0.423204
0.71011
0.191581
0.924216
0.205446
0.192815
0.190485
0.615782
0.300563
0.188694
0.249342
0.202538
4.900651
0.397191
0.274065
0.226545
0.212744
0.190984
0.189392
0.55826
0.19021
0.237385
0.198995
0.303963
0.724441
0.190501
0.264892
0.238965
0.24756
0.188744
1.798176
0.190102
0.198365
0.210146
0.494024
0.192903
0.233104
0.190756
0.190926
0.191554
5.524214
2.551227
0.190461
0.190426
0.18984
0.210194
0.192374
0.20366
0.195621
0.26642
0.282854
0.226157
0.199468
0.191441
0.188854
0.192169
0.239334
0.267299
0.301343
0.290742
0.393724
0.581645
0.191043
0.330004
0.199641
0.189053
0.190729
0.218483
0.315563
0.432626
0.227648
0.1904
0.190385
0.282158
0.191018
0.202115
3.877631
0.190478
1.009473
0.188694
0.19069
0.344709
0.248034
5.949479
0.2853
3.016431
0.208375
0.411587
0.472296
0.199548
0.204313
0.291065
0.19075
0.197259
0.19282
0.293806
0.45954
0.203059
0.192551
1.894427
0.188468
0.190476
0.221605
28.622498
0.194055
0.250468
0.400559
0.355235
0.337594
3.691549
0.19239
0.860878
0.209016
1.145606
1.615045
0.790415
0.271584
0.184225
0.381176
0.18237
0.668169
0.21292
0.214091
0.633862
0.272091
0.192014
0.189095
0.296485
0.184192
0.196578
0.182388
0.207491
0.254004
0.80838
0.368351
0.195677
0.348675
0.894796
0.522034
2.512004
0.189327
1.501405
0.185838
0.186876
0.50196
0.76079
0.200659
0.214932
2.367218
0.191968
0.406306
0.19051
0.195542
0.193919
1.14784
0.215024
0.201604
0.216327
0.191926
0.22345
0.193425
0.349591
0.252738
0.462878
0.992057
0.191224
0.259567
0.203611
0.252548
0.628643
0.377409
0.195208
0.200195
0.191484
0.31596
0.200951
0.285479
0.405474
0.220298
1.522375
0.196185
0.190405
0.362875
0.330063
0.587085
0.70424
0.190493
0.190935
1.020422
0.269497
0.196978
0.190163
0.384539
0.25145
0.553845
0.446145
0.665422
0.190272
0.201121
0.24754
0.452983
0.218734
0.190523
0.258424
1.167275
0.287341
0.191206
0.203076
0.214043
0.202736
0.209988
0.190403
0.919207
0.629189
1.890746
0.252731
0.495432
0.327214
1.878734
1.096058
2.007876
0.245158
0.26111
0.192376
0.242587
0.188853
0.192475
0.232866
0.202273
0.209481
0.191587
0.358352
20.923973
1.073214
0.1992
0.200816
1.013684
0.444894
0.25036
0.47423
0.233956
0.183474
0.281827
0.25455
0.183909
0.181035
0.182853
0.280334
0.185267
0.204434
0.52045
0.254584
0.205163
0.446426
0.207686
0.184792
0.233892
0.279935
0.195576
0.191629
0.281827
0.821041
0.181008
0.266503
0.219271
0.20378
0.215024
0.426591
0.200557
0.191607
0.93592
0.396657
0.19124
0.209768
0.191753
1.148126
0.232437
0.194277
0.189489
0.23054
0.23319
1.227849
0.240404
0.192109
0.192307
0.660463
0.190485
1.810076
0.210954
1.734181
0.191785
0.529244
0.226429
0.434554
0.299185
0.190073
0.190472
7.817013
0.724893
0.207399
0.453465
0.268855
0.190108
3.335824
0.239912
0.195072
0.240393
0.249803
0.272767
5.32935
0.20424
0.588218
0.701617
0.194208
4.202907
0.204626
0.81784
0.475221
0.267434
0.334373
0.305055
0.750026
0.193767
0.236637
0.192488
0.188487
0.297702
0.204189
0.201198
0.273228
0.192253
0.258245
0.212614
0.186887
0.235358
0.727888
0.182366
0.182431
0.273421
0.265923
0.289722
0.181067
0.1843
1.219566
0.193995
0.182311
1.090759
0.280512
0.188672
0.231131
0.298877
0.325198
0.190885
0.19835
0.258499
0.19048
0.230769
0.219005
0.247443
0.604396
0.189673
0.29167
0.19048
0.340054
0.260445
0.199979
0.193096
0.188745
0.198999
0.200559
4.616677
0.196592
0.229028
0.299696
0.191411
0.281427
3.423877
0.208068
0.817282
0.968246
1.29524
0.292502
3.813745
1.125735
0.548708
9.212851
0.290742
0.26742
0.505677
0.204186
0.273831
0.221123
0.289213
0.288163
0.240416
0.191748
0.199732
0.209829
0.193369
0.255301
0.190533
2.681429
0.191122
1.104228
0.189
0.188756
9.608774
0.190984
0.234549
0.344136
0.343528
0.575007
0.229982
0.194271
0.82763
0.192752
1.481291
0.1905
0.194575
0.237068
0.29331
0.233849
0.389886
0.190476
0.42722
0.190511
0.455517
0.190886
0.84552
0.192233
6.251533
0.272971
0.337605
0.327174
0.234232
0.254054
0.204649
0.19274
0.286974
0.190477
0.227643
0.650457
3.071262
0.196388
0.186948
0.182669
0.181385
0.251469
0.182613
0.524802
0.181073
0.197233
0.185572
0.195769
0.214638
0.279061
0.182333
0.305656
0.182041
0.207003
0.275495
0.564116
0.183735
0.227027
0.194421
0.352211
0.201135
0.787329
0.438736
0.1914
0.3862
0.293243
5.496729
0.197766
0.334758
0.188761
0.190483
0.202606
0.431642
0.192753
0.239597
6.220531
0.257772
0.192163
0.202645
0.203895
0.238099
0.190493
0.193504
0.190341
0.209988
0.1918
0.188756
0.195655
0.219861
1.236979
0.195921
0.305981
1.519858
0.288727
0.230841
0.305799
1.303411
1.768716
0.265899
0.199543
0.19332
0.219505
0.21705
0.246452
0.198659
0.191739
0.190477
0.254768
0.190566
0.273821
0.190933
0.200951
0.211423
0.193664
0.190113
0.212805
0.214463
0.193592
0.18842
2.295712
0.202996
8.420577
0.234178
1.838117
0.483642
0.200977
0.195533
0.191687
0.198654
0.192303
1.257544
0.192402
0.245175
1.070584
0.330656
0.327059
0.263777
0.220345
0.306244
0.252244
0.838516
2.640927
0.204517
0.190117
0.510661
0.190486
0.190698
0.241085
0.229964
0.322324
0.34671
0.198637
0.634488
0.187375
0.182933
0.190869
0.183245
0.182387
0.345134
2.166073
0.183837
0.253632
0.223329
0.181025
0.183019
0.201462
0.208428
0.215008
1.288824
0.231772
0.350307
0.295344
0.360164
0.253887
0.190489
0.183259
0.206256
0.244113
0.199669
0.183529
10.785116
0.212311
1.939853
0.355747
0.363492
0.191141
0.39294
0.20335
0.359826
0.19837
0.226013
0.25524
0.192751
0.246255
0.40371
0.190656
0.194548
0.604993
0.312165
0.262703
0.199463
0.227546
0.26048
0.232234
0.21122
0.196017
0.327639
0.245254
0.191343
0.505244
0.414047
0.194783
0.190176
0.544128
0.240731
0.291019
0.321864
3.66021
0.191216
1.477759
1.327872
2.142916
0.190473
0.217874
0.405924
0.572419
0.19177
0.199077
3.535308
0.19056
0.316647
0.628672
0.537988
0.577745
3.393389
0.188482
1.388497
0.277031
0.19011
0.229324
0.191391
0.193957
4.873367
0.198595
0.203323
0.231154
0.275237
0.190111
0.287797
0.190492
0.316856
0.581388
0.190876
0.223776
0.2787
0.440216
1.273346
0.370282
0.192864
1.337174
0.191832
0.543274
0.456717
0.301486
0.190484
0.199127
0.199206
0.192508
0.191113
0.719665
0.268888
0.205339
0.190488
0.557666
0.245975
0.307247
0.231785
0.541639
0.18245
0.182336
0.183964
0.182374
0.217344
0.290377
1.707994
0.515962
0.192159
0.217574
0.243183
0.902375
0.663437
0.182089
0.182391
0.182496
0.573005
0.230532
0.753623
0.182459
1.442846
0.934888
0.269333
0.201088
0.182841
0.247979
0.505491
0.186887
0.183455
1.445146
33.985474
0.232805
1.868256
0.454129
0.18307
0.191906
0.21913
1.668571
0.301038
0.326889
1.444385
0.296083
0.252577
0.711482
0.204683
0.190478
0.190715
0.244541
0.212185
0.195165
0.261831
0.19272
0.18855
0.398635
0.190698
0.190623
0.500136
0.291758
3.170397
2.061392
0.191745
0.189143
0.34075
0.297209
0.190075
0.24085
0.25568
0.191288
0.22018
0.360589
0.188886
0.189268
0.25145
0.221383
0.190577
0.377601
0.78606
0.39971
0.255756
0.190594
1.173461
0.21008
0.188424
0.19088
0.57559
0.301483
0.227648
32.719822
0.229709
0.195115
0.202086
0.624454
0.192673
0.190109
0.34311
0.191875
0.232219
0.209559
0.301001
0.199794
0.204543
0.234015
5.555804
0.194298
0.334993
0.301368
0.62888
0.191046
0.320924
2.613701
0.23341
0.204082
0.482302
0.1904
0.425891
0.30595
0.718769
0.185948
0.182349
0.371002
0.238842
0.190465
0.275294
1.079357
0.215729
0.294996
0.183163
0.218455
0.182519
0.90606
0.353395
0.296485
6.44409
0.198239
0.715188
0.188155
0.266797
0.317776
68.29306
0.206565
0.215024
0.251544
0.18914
0.242668
0.233924
0.290288
0.190558
0.192088
0.188767
0.191149
0.208896
0.288596
0.712425
0.190845
0.323205
11.21257
0.292002
0.209393
0.250954
0.500672
0.57693
0.554037
0.481384
0.328792
0.334026
0.376501
0.198074
14.422263
0.190903
0.325546
0.393863
0.301786
0.372456
0.496662
0.191203
2.10548
0.201425
0.19105
0.189778
0.305683
0.358497
0.190484
7.763086
0.190038
0.190119
0.711842
0.191878
0.229525
0.240899
0.190473
0.204883
0.627908
0.270459
0.219137
0.192287
0.716977
0.85043
0.812886
0.196537
0.217385
0.206857
0.401163
0.23228
0.502986
1.114083
0.312022
0.208925
0.197265
5.40659
0.205224
0.359838
0.64298
0.229586
0.189079
0.551043
0.201455
0.251869
0.190603
0.27393
0.190476
0.188699
0.196421
0.484035
0.21791
0.579953
1.456085
0.222958
0.194075
0.353334
0.271584
0.288443
0.188336
0.193643
0.423441
2.508403
6.087164
0.184428
0.387968
0.182852
0.221677
0.194157
0.18233
0.1955
0.181113
0.200089
0.191658
0.181006
8.412292
0.182396
0.716562
0.186148
0.211499
0.201088
0.194213
0.250612
0.444175
0.24533
1.448501
0.200236
0.237383
0.20256
0.311385
0.404603
0.228477
0.530636
0.190146
0.206901
0.203096
0.192336
0.232584
0.370596
1.604822
0.195367
0.353837
0.235637
0.192713
0.201878
0.612845
0.199382
0.316059
0.190101
0.190486
0.222591
0.663284
0.544128
0.22752
0.48315
3.702169
0.250643
2.088903
0.963835
0.188759
0.191279
0.416383
0.439101
0.214922
1.92255
0.205526
0.381646
0.201051
0.201076
0.253013
0.190495
0.190848
0.270392
0.229264
0.364083
0.240565
0.531528
0.549564
1.050326
0.234851
0.361621
0.196813
0.196613
0.21321
0.188799
35.890659
0.191366
0.311996
0.191145
0.190212
6.443623
0.51246
1.45279
0.190475
3.814157
0.426332
0.213344
0.251705
0.191552
0.190457
0.359235
0.543543
0.446087
0.223735
0.390616
0.190514
0.212935
0.200595
0.206857
0.472494
0.239334
0.235499
13.512918
0.233295
0.202148
0.470849
1.022982
0.218659
2.309372
0.346651
1.459041
0.329198
0.212668
0.190562
0.190403
0.296364
0.191046
3.550159
0.198193
0.303398
0.349244
0.188336
0.182073
0.186887
0.937753
0.248256
0.196053
2.549623
0.182893
0.212972
1.956259
7.508409
0.223708
0.277086
0.200838
0.185023
3.618822
0.461455
0.564116
0.183974
0.181852
0.182268
0.195804
0.184603
0.311614
0.216094
1.90593
0.367919
0.217623
2.122381
0.274125
0.192339
0.932512
0.429849
0.304836
2.527348
0.267037
1.125645
0.190288
0.190924
0.232599
0.209636
0.473534
0.892495
0.279669
0.286326
0.658064
0.231532
0.190478
0.190899
1.470373
0.197454
0.274769
0.189609
0.190473
0.208314
0.19049
0.611467
0.313577
0.196839
0.252572
0.194268
0.235412
0.299804
0.653275
0.203871
0.199678
0.317795
4.509223
0.279129
59.276802
0.198989
0.194363
0.1962
0.188787
0.201104
0.209216
2.962557
0.2551
0.243551
0.386456
0.322358
1.776354
0.414433
0.190632
0.829019
0.197489
0.41637
0.190857
0.190406
0.190836
0.791211
0.967669
0.196871
0.195621
0.188772
0.420498
0.190602
0.200204
0.548154
0.238178
0.247037
0.190119
0.211601
0.19057
0.191878
15.768838
0.189514
0.39911
0.527908
0.200285
0.428101
0.256996
0.511819
0.199341
0.20767
0.190533
0.191418
0.19296
0.197226
0.443139
0.489224
0.199964
0.190111
0.194689
0.262375
0.190577
0.293111
0.380974
0.216167
0.191133
0.188759
0.42198
0.192551
0.254801
2.969908
0.394059
28.622498
0.190479
0.189285
0.245878
0.958787
0.319847
0.53079
0.284213
0.219097
0.252449
0.197618
0.230793
0.192703
0.206728
0.331775
4.125835
0.191629
0.301816
0.204234
0.403919
0.260848
0.223551
0.190736
0.182757
0.252616
0.401064
1.16207
0.529403
0.52058