0.284222
0.305105
0.273075
0.187343
2.417562
0.169068
0.247353
0.305555
0.16528
0.751562
0.284328
0.311999
0.19581
0.165507
0.365438
0.165493
0.238804
0.201765
0.180984
0.16275
0.182478
0.164167
0.444252
0.266951
0.200231
0.169499
0.212844
0.276372
0.287906
0.316746
0.399806
0.293462
0.15
0.29889
0.377528
0.171417
0.18925
0.229645
0.569062
1.67053
0.194107
0.267773
0.27458
0.187863
2.233763
0.166657
0.165811
1.497507
0.179683
0.215506
0.518918
0.546381
0.193586
0.177164
0.167533
0.221855
0.16275
0.222505
0.166973
0.208183
0.293108
0.259968
0.186171
0.274684
0.371834
0.15
0.16275
0.262848
0.170157
0.208888
0.185067
0.16275
0.15
0.16275
0.186361
0.25505
0.174566
0.318735
0.16275
0.435313
0.296713
0.291879
0.181068
0.341324
0.314721
0.228407
0.29295
0.283591
0.574562
0.239606
0.191905
0.186685
0.263839
0.761761
0.192464
0.178235
0.192183
0.15
0.16275
0.49766
0.168746
0.16275
0.164167
0.191892
0.245631
0.176405
0.430453
0.621587
0.163834
0.210117
0.220411
0.170298
0.276286
0.536448
0.264608
0.221461
0.316813
0.435464
0.18088
0.302121
0.455944
0.280053
0.248253
0.187335
0.321376
0.254251
0.166194
0.471945
0.183983
0.315696
0.21433
0.167896
0.245425
0.16527
0.205922
0.338747
0.240653
0.291915
0.265125
0.204043
0.266635
0.156071
0.307953
0.240203
0.156466
0.156466
0.221458
0.445239
0.168631
0.406348
0.217091
0.187447
0.268531
0.177682
0.17014
0.17014
0.169452
0.358601
0.234729
0.170604
0.451098
0.215257
0.203838
0.21542
0.254518
0.18727
0.184582
0.244805
0.275299
0.201643
0.16779
0.178907
0.179683
0.178858
0.296574
0.165235
0.193246
0.216935
0.168543
0.241486
0.186289
0.223121
0.220639
0.167344
0.163834
0.158861
0.165502
0.176105
0.190133
0.154137
0.211484
0.172426
0.209543
0.226736
0.219147
0.179597
0.199968
0.165983
0.166332
0.163954
0.188805
0.243396
0.168452
0.164017
0.258175
0.153498
0.167443
0.188869
0.276538
0.171166
0.285716
0.164137
0.167151
0.17007
0.284271
0.220658
0.205448
0.207783
0.209617
0.244659
0.172915
0.204158
0.200844
0.166851
0.227744
0.239375
0.435336
0.181717
0.232072
0.170029
0.202113
0.22766
0.217832
0.173996
0.202842
0.187845
0.215188
0.172814
0.219036
0.166332
0.156567
0.181191
0.167196
0.16655
0.179542
0.18321
0.164501
0.164501
0.186285
0.263289
0.181615
0.168001
0.308184
0.186578
0.171375
0.214589
0.3538
0.341879
0.166053
0.195958
0.168754
0.185814
0.220712
0.182579
0.165113
0.163503
0.166574
0.429677
0.180196
0.19392
0.167056
0.170701
0.170701
0.170869
0.194731
0.182897
0.171136
0.173246
0.369388
0.23078
0.225301
0.168986
0.23889
0.167549
0.167549
0.167389
0.175487
0.166246
0.183535
0.246724
0.183277
0.19437
0.166725
0.168565
0.193631
0.164263
0.166937
0.186063
0.200302
0.165733
0.164373
0.178975
0.212531
0.184501
0.164603
0.164212
0.169699
0.164034
0.165261
0.167284
0.188098
0.164318
0.262237
0.193894
0.177252
0.164356
0.348676
0.204233
0.181531
0.15
0.215009
0.201213
0.199239
0.222416
0.171456
0.209029
0.167075
0.170478
0.19877
0.229254
0.167243
0.165625
0.17994
0.312223
0.191879
0.166108
0.227888
0.165739
0.167514
0.153715
0.166589
0.219155
0.164035
0.164035
0.182109
0.178179
0.163881
0.201924
0.165244
0.164415
0.220004
0.168194
0.179354
0.177543
0.167286
0.164112
0.332779
0.18308
0.220014
0.16442
0.163974
0.163957
0.178555
0.302713
0.187016
0.163959
0.191747
0.16985
0.202641
0.167139
0.194388
0.166839
0.181839
0.16395
0.165762
0.168072
0.192289
0.163976
0.165693
0.164085
0.164213
0.165666
0.158793
0.164884
0.154248
0.154248
0.154248
0.163936
0.166868
0.163909
0.168327
0.181202
0.165304
0.177997
0.168924
0.163953
0.164067
0.165642
0.247112
0.247112
0.163934
0.166057
0.165596
0.163944
0.167595
0.163941
0.164049
0.164073
0.164073
0.224445
0.535805
0.208644
0.223647
0.176046
0.183441
1.796628
0.165507
0.182273
0.287767
0.163946
0.308385
0.209479
0.215237
0.510447
0.5494
0.212661
0.194249
0.181213
0.374633
2.255833
0.17787
0.1755
0.378253
1.375328
0.166802
0.248007
0.289291
0.340662
0.169803
0.15
0.253578
0.186019
0.221986
0.289008
0.265929
0.272439
0.221393
0.164074
0.294156
0.39112
0.193939
0.237261
0.186006
0.187451
0.167704
0.167704
0.330749
0.169524
0.182268
0.185754
0.204864
0.481019
0.935469
0.225828
0.185472
0.199168
0.282704
0.189774
0.265467
0.260353
0.349445
0.248243
0.326024
0.275661
0.15
0.457636
0.167031
0.221003
0.327065
0.19217
0.16275
0.287034
0.202183
0.182382
0.246574
0.230818
0.228334
0.222861
0.28525
0.270484
0.278195
1.029187
0.169478
0.185168
0.187224
0.182893
0.16275
0.228218
0.187089
0.195372
0.202729
0.402664
0.290215
0.21574
0.264096
0.208649
0.176405
0.168139
0.518385
0.186629
0.297017
0.356342
0.249011
0.228313
0.15
0.193054
0.214694
0.176853
0.176853
0.703414
0.16685
0.199939
0.181024
0.165281
0.287825
0.200639
0.287392
0.193912
0.423669
0.247712
0.273413
0.163834
0.235314
0.185276
0.182271
0.204931
0.202851
0.250666
0.200626
0.163834
0.167767
0.167896
0.189096
0.16875
0.18422
0.20976
0.18872
0.300293
0.169015
0.169797
0.490496
0.164959
0.314041
0.248149
0.217309
0.425399
0.210696
0.210301
0.171884
0.245006
0.169599
0.299152
0.163834
0.190164
0.166011
0.23816
0.194523
0.475681
0.596042
0.248364
0.173204
0.201707
0.208892
0.178418
0.243129
0.16955
0.274449
0.183099
0.20157
0.181887
0.208296
0.239781
0.267786
0.186705
0.186289
0.224779
0.219324
0.178118
0.249699
0.211427
0.305922
0.245332
0.196702
0.163954
0.30865
0.229266
0.183139
0.195585
0.205152
0.170015
0.172426
0.166043
0.271196
0.168905
0.250895
0.190674
0.174032
0.206202
0.216706
0.168452
0.22002
0.203921
0.19875
0.16588
0.1913
0.153498
0.186975
0.267373
0.209953
0.187553
0.340851
0.212612
0.16896
0.206801
0.16786
0.27238
0.25499
0.169254
0.205093
0.226182
0.181179
0.178077
0.196939
0.223674
0.184978
0.205036
0.251112
0.241362
0.167242
0.181451
0.207746
0.181717
0.209745
0.212099
0.203364
0.204685
0.241425
0.165986
0.168849
0.211788
0.222282
0.192656
0.172118
0.190752
0.16655
0.244111
0.16655
0.178766
0.238314
0.167785
0.330914
0.172359
0.172359
0.170163
0.217933
0.19413
0.384026
0.164169
0.200664
0.204311
0.168893
0.205733
0.178662
0.163926
0.190561
0.184103
0.168058
0.169189
0.198794
0.169328
0.164725
0.16844
0.202372
0.164489
0.186082
0.175455
0.231204
0.222429
0.202071
0.255579
0.167597
0.188898
0.167705
0.199682
0.185574
0.541549
0.166883
0.181912
0.211281
0.245392
0.384945
0.165295
0.166362
0.212046
0.184016
0.158829
0.189325
0.196366
0.164681
0.168986
0.189404
0.16681
0.197908
0.191897
0.170664
0.164698
0.200762
0.152802
0.195871
0.168819
0.323175
0.208275
0.199367
0.194383
0.244437
0.293068
0.164528
0.164238
0.169699
0.208176
0.180836
0.165445
0.227006
0.252704
0.211411
0.164381
0.254627
0.164357
0.166897
0.181902
0.164097
0.321021
0.216533
0.185313
0.232613
0.233903
0.183366
0.183843
0.183851
0.172375
0.19878
0.180887
0.183032
0.189278
0.165575
0.183053
0.213581
0.153715
0.153715
0.153715
0.165694
0.164506
0.233715
0.15971
0.15971
0.165138
0.169733
0.218443
0.178177
0.193793
0.250122
0.173875
0.181021
0.165731
0.184564
0.163957
0.164196
0.164127
0.163972
0.20043
0.230288
0.200523
0.166933
0.168128
0.198291
0.163969
0.164089
0.166144
0.1657
0.183622
0.16397
0.17815
0.173175
0.155787
0.210517
0.16393
0.193234
0.169098
0.179106
0.165486
0.168215
0.168215
0.181189
0.164061
0.168405
0.165168
0.169583
0.181373
0.30283
0.180801
0.233776
0.201787
0.178915
0.163934
0.166327
0.164884
0.154248
0.154248
0.154248
0.165487
0.166449
0.178061
0.204727
0.190497
0.169714
0.165304
0.163953
0.163953
0.165517
0.163315
0.164631
0.167388
0.18216
0.166015
0.165596
0.163934
0.163935
0.165401
0.164068
0.167595
0.169518
0.229814
0.278887
0.18478
0.170613
0.203492
0.260962
0.228438
0.238792
0.366508
0.309488
0.266689
0.329925
0.186009
0.1925
0.203845
0.387666
0.208433
1.517904
0.202522
0.380192
0.164335
0.209448
0.498144
0.181764
0.164167
0.199147
0.16275
0.212434
0.171046
0.203747
0.34177
0.427061
0.490133
0.268681
0.200554
0.164167
0.310357
0.176553
0.185333
0.357822
0.329381
0.189759
0.280386
0.285437
0.243665
0.189836
0.268915
0.323438
0.184087
0.267843
0.226902
0.228688
0.62333
0.182368
0.184871
0.170895
0.176767
0.262272
0.282998
0.202244
0.230418
0.163934
0.311315
0.411889
0.21114
0.285673
0.182021
0.16275
0.196641
0.178488
0.215309
0.216683
0.15
0.221813
0.165284
0.339504
0.184095
0.224567
0.31993
0.244498
0.500221
0.349825
0.179901
0.202871
0.221849
0.20655
0.203649
0.177716
0.180388
0.452174
0.304004
0.232082
0.165151
0.350698
0.388142
0.186016
0.205257
0.220101
0.167193
0.234981
0.21706
0.220647
0.244729
0.206631
0.209715
0.430074
0.201778
0.2596
0.241829
0.250981
0.192685
0.226099
0.190095
0.200548
0.172161
0.22719
0.16653
0.252757
0.168092
0.20952
0.240911
0.370022
0.182568
0.292056
0.204726
0.27982
0.205711
0.795981
0.343801
0.197904
0.202982
0.373399
0.191157
0.227327
0.167545
0.226667
0.169574
0.303017
0.168051
0.367635
0.221748
0.171171
0.265188
0.218526
0.255433
0.173827
0.188278
0.195206
0.247281
0.202309
0.186318
0.165609
0.244376
0.166141
0.198233
0.272601
0.166692
0.220979
0.217332
0.164328
0.222733
0.201447
0.217031
0.183837
0.191602
0.391109
0.221225
0.174639
0.205415
0.357603
0.170579
0.403763
0.175003
0.209678
0.200348
0.254754
0.222078
0.189583
0.237951
0.178566
0.154137
0.245517
0.212343
0.378839
0.172426
0.198324
0.163959
0.164652
0.200681
0.185957
0.224145
0.163954
0.35582
0.198446
0.185607
0.223286
0.22662
0.374196
0.223364
0.180221
0.167564
0.165511
0.196313
0.172241
0.212925
0.355882
0.308672
0.275783
0.185021
0.165925
0.257711
0.164027
0.177961
0.276744
0.454387
0.2105
0.236561
0.187162
0.234181
0.173908
0.224048
0.186515
0.182005
0.220477
0.165974
0.168441
0.169043
0.170737
0.365902
0.172879
0.172879
0.197029
0.165668
0.180168
0.16634
0.173486
0.173486
0.221889
0.204495
0.218471
0.27123
0.180149
0.188461
0.169318
0.175238
0.187787
0.168174
0.185205
0.231751
0.156567
0.188343
0.181703
0.289569
0.184449
0.167686
0.214747
0.484744
0.167012
0.166054
0.165626
0.242238
0.165563
0.1948
0.169213
0.164725
0.220703
0.169146
0.170671
0.205687
0.185708
0.184764
0.311955
0.185325
0.167056
0.166883
0.329686
0.164793
0.180798
0.175297
0.180203
0.180793
0.166054
0.166054
0.206053
0.238602
0.179152
0.227697
0.195382
0.191404
0.167463
0.172567
0.168238
0.220292
0.189467
0.152802
0.188527
0.164148
0.165423
0.199711
0.195995
0.406966
0.168185
0.165894
0.198723
0.489932
0.163954
0.167084
0.185682
0.180073
0.164097
0.191055
0.174861
0.232787
0.167405
0.168015
0.188724
0.164444
0.172375
0.240005
0.164094
0.288616
0.191879
0.165264
0.165632
0.170549
0.165176
0.170972
0.167256
0.153715
0.153715
0.153715
0.169342
0.153715
0.153715
0.165694
0.166521
0.180756
0.163897
0.178576
0.168872
0.165722
0.165834
0.163881
0.187715
0.163938
0.166367
0.166556
0.314892
0.163972
0.164373
0.166393
0.164154
0.164224
0.163969
0.164089
0.169375
0.164074
0.183284
0.213975
0.165044
0.170786
0.164081
0.182692
0.19358
0.303309
0.164209
0.16442
0.163974
0.261683
0.163943
0.181627
0.164138
0.164544
0.168072
0.165453
0.177576
0.183113
0.163936
0.16409
0.165208
0.164138
0.163945
0.166799
0.166799
0.156648
0.164148
0.175887
0.182333
0.166315
0.165618
0.16395
0.167584
0.174462
0.164171
0.164304
0.163935
0.18508
0.166606
0.179578
0.174745
0.178157
0.164853
0.165921
0.163941
0.16275
0.173211
0.477473
0.2775
0.164256
0.164256
0.15
0.251168
0.322652
0.347615
0.296735
0.176704
0.16275
0.164058
0.303608
0.211293
0.233642
0.184944
0.404143
0.220668
0.273732
0.231103
0.165501
0.165501
0.533788
0.15
0.195778
0.193146
0.166417
0.232911
0.291774
0.223201
0.15
1.438487
0.21837
0.232987
0.168303
0.242022
0.170895
0.164167
0.168246
0.182163
0.277297
0.1755
0.15
0.18989
0.383232
0.169523
0.180245
0.163941
0.167142
0.209558
0.287624
0.256013
0.15
0.210346
0.193036
0.245134
0.208676
0.915541
0.23133
0.205765
0.187389
0.214984
0.286858
0.260582
0.318025
0.164167
0.176076
0.232523
0.213103
0.190538
0.30246
0.242917
0.288079
0.15
0.194399
0.526875
0.223413
0.199382
0.190446
0.178463
0.192143
0.164167
0.208793
0.182202
0.15
0.188076
0.194175
0.358916
0.191276
0.232003
0.201761
0.227231
0.223061
0.244838
0.190559
0.5037
0.176263
0.224654
0.165281
0.179114
0.164067
0.200674
0.190365
0.318354
0.197293
0.245342
0.166345
0.207388
0.166125
0.178275
0.172334
0.201865
0.357813
0.485985
0.377423
0.168443
0.331606
0.439594
0.385072
0.183526
0.345593
0.324777
0.170712
0.171559
0.267142
0.382531
0.191157
0.187762
0.165273
0.271438
0.253455
0.204669
0.443612
0.164012
0.171171
0.17342
0.201215
0.256523
0.459675
0.180697
0.202076
0.248854
0.557478
0.236746
0.335498
0.19998
0.191102
0.179457
0.221771
0.24678
0.232908
0.222059
0.172431
0.225246
0.268635
0.26746
0.204952
0.228633
0.209545
0.286405
0.275472
0.25037
0.198124
0.29791
0.165483
0.175793
0.41703
0.234197
0.178028
0.205643
0.191531
0.195131
0.165983
0.174032
0.168452
0.195014
0.206458
0.171501
0.192731
0.230474
0.169806
0.191126
0.1762
0.308639
0.167151
0.171318
0.164982
0.166483
0.196498
0.166872
0.163947
0.185376
0.168075
0.193382
0.225409
0.167699
0.197745
0.196175
0.170916
0.187162
0.358088
0.395817
0.243101
0.180279
0.166537
0.191942
0.171457
0.221164
0.221399
0.247457
0.18542
0.226006
0.286964
0.195526
0.185601
0.196499
0.232903
0.166929
0.209356
0.180673
0.180485
0.221923
0.220021
0.201639
0.164414
0.189258
0.156567
0.198432
0.213942
0.225981
0.230948
0.220522
0.204416
0.361
0.320609
0.204814
0.184602
0.215464
0.227451
0.246766
0.186251
0.193405
0.181805
0.167674
0.170671
0.18577
0.187111
0.168643
0.16656
0.174411
0.170398
0.189743
0.169459
0.204769
0.180819
0.241081
0.238965
0.178417
0.165808
0.242703
0.180806
0.166362
0.171136
0.163937
0.169052
0.167099
0.370391
0.167032
0.165245
0.198842
0.166054
0.229698
0.18025
0.18025
0.168603
0.186089
0.200366
0.189548
0.167057
0.167057
0.184688
0.168969
0.172068
0.170895
0.187672
0.165624
0.165314
0.18381
0.195317
0.186277
0.172324
0.164528
0.199195
0.199103
0.207309
0.179713
0.218918
0.177252
0.167409
0.16969
0.205371
0.243545
0.198908
0.166897
0.166897
0.176253
0.164317
0.217269
0.164157
0.17044
0.17044
0.168864
0.167323
0.164094
0.165625
0.167429
0.164364
0.164228
0.16878
0.16859
0.20391
0.170044
0.169796
0.193456
0.153715
0.153715
0.36158
0.166831
0.17848
0.199677
0.15971
0.271866
0.217329
0.176989
0.165661
0.166039
0.165575
0.165063
0.183598
0.16744
0.166729
0.164415
0.216031
0.167163
0.167163
0.17148
0.16572
0.179182
0.183808
0.19421
0.180945
0.325335
0.163934
0.182331
0.165358
0.165224
0.169178
0.164061
0.166327
0.158793
0.154248
0.154248
0.154248
0.154248
0.164396
0.164055
0.164055
0.22135
0.163936
0.175741
0.163935
0.18262
0.163935
0.312384
0.179302
0.181002
0.166712
0.163953
0.16377
0.163946
0.164137
0.179941
0.16513
0.178607
0.164741
0.164047
0.165505
0.163934
0.163935
0.164003
0.163934
0.165483
0.165143
0.165629
0.168571
0.168592
0.182138
0.276583
1.534107
0.191914
0.274499
0.222244
0.228793
0.202454
0.22436
0.234433
0.1925
0.16275
0.281282
0.449037
0.24835
0.240855
0.207864
0.165493
0.200832
0.163946
0.15
0.542307
0.263153
0.199319
0.171046
0.171046
0.594394
0.215205
0.213178
0.182456
0.165606
0.2294
0.169499
0.184162
1.595786
2.569005
0.208997
0.168933
0.294366
0.280917
0.192121
0.180966
0.16275
0.256283
0.419759
0.219192
2.262233
0.253102
0.164483
0.230145
0.21325
0.209863
0.249784
0.165445
0.642722
0.198912
0.209765
0.206299
0.221446
0.329486
0.176823
0.274958
0.231617
0.164207
0.194346
0.206584
0.326801
0.286929
0.221111
0.16275
0.289868
0.520346
0.25327
0.812642
0.35972
0.219854
0.440267
0.193299
0.249044
0.176751
0.233172
0.165333
0.169764
0.165101
0.271888
0.213338
0.316176
0.20886
0.162966
0.215403
0.218085
0.200166
0.369917
0.168214
0.164167
0.224483
0.15
0.18488
0.282533
0.239587
0.305477
0.285235
0.168139
0.166313
0.203742
0.392785
0.294998
0.211839
0.348677
0.306017
0.167214
0.190863
0.164067
0.209651
0.178152
0.321717
0.324485
0.286132
0.261777
0.269585
0.250071
0.261172
0.194761
0.185917
0.172691
0.170139
0.34768
0.177842
0.221841
0.391611
0.422838
0.183983
0.193509
0.173253
0.167481
0.28761
0.502677
0.239779
0.246739
0.267515
0.232157
0.299428
0.212548
0.303877
0.169621
0.21239
0.170315
0.182985
0.178808
0.210297
0.198108
0.167577
0.46441
0.367635
0.367635
0.207628
0.19329
0.201311
0.163834
0.207262
0.250144
0.207321
0.165781
0.170604
0.338776
0.214293
0.204563
0.284345
0.179872
0.168721
0.200284
0.182827
0.165153
0.208892
0.20014
0.321284
0.391436
0.265579
0.270456
0.222416
0.225751
0.203319
0.168804
0.188438
0.468456
0.180366
0.225907
0.191595
0.203061
0.24027
0.173494
0.240869
0.169216
0.225282
0.177712
0.172169
0.282437
0.218812
0.238942
0.243602
0.164034
0.164034
0.23643
0.208294
0.172202
0.221332
0.171277
0.181102
0.405258
0.185703
0.191322
0.168628
0.249286
0.193791
0.188576
0.165751
0.165501
0.187614
0.223272
0.188001
0.204573
0.18059
0.191126
0.340851
0.442263
0.2057
0.179193
0.482347
0.168405
0.382173
0.166995
0.186656
0.191717
0.264192
0.201086
0.170916
0.193663
0.423088
0.200947
0.191166
0.158502
0.262819
0.168839
0.177502
0.201498
0.219407
0.196469
0.194624
0.205441
0.185537
0.167801
0.201849
0.168218
0.167402
0.355465
0.168681
0.352273
0.171926
0.191671
0.284954
0.227123
0.189269
0.319146
0.210931
0.180773
0.201988
0.171795
0.264532
0.171804
0.225771
0.208018
0.167196
0.23491
0.166967
0.172359
0.166022
0.205915
0.185893
0.171375
0.238623
0.223365
0.169213
0.263975
0.16583
0.170423
0.207569
0.186943
0.170671
0.186068
0.212223
0.175455
0.182121
0.163503
0.274621
0.163503
0.169169
0.232318
0.168251
0.163102
0.170701
0.200848
0.21266
0.169926
0.173084
0.164559
0.17941
0.178199
0.22436
0.335066
0.169725
0.183901
0.203818
0.180793
0.167549
0.202664
0.164151
0.207383
0.192781
0.190036
0.196032
0.195348
0.164354
0.177485
0.181668
0.219663
0.168217
0.182772
0.174907
0.178521
0.165119
0.164229
0.223309
0.167712
0.194644
0.190265
0.167439
0.172324
0.163308
0.164034
0.243165
0.192554
0.165261
0.163954
0.164356
0.167084
0.180073
0.164317
0.20543
0.174861
0.197074
0.164822
0.204937
0.230683
0.213267
0.221707
0.18687
0.163935
0.172293
0.165264
0.166108
0.177919
0.153715
0.234896
0.164626
0.164035
0.181591
0.201112
0.171598
0.16429
0.178153
0.376983
0.192686
0.178023
0.164402
0.16797
0.16543
0.166467
0.164373
0.166393
0.166393
0.184833
0.164224
0.167286
0.165387
0.164085
0.164085
0.164239
0.166716
0.192298
0.164172
0.169243
0.194159
0.168938
0.200369
0.164209
0.165396
0.164102
0.165512
0.165429
0.222177
0.182499
0.178219
0.165511
0.179926
0.168188
0.168188
0.163943
0.164066
0.164138
0.164058
0.169076
0.191599
0.16363
0.16363
0.166532
0.154248
0.164055
0.31523
0.193392
0.167488
0.170719
0.208702
0.163937
0.165092
0.164157
0.170715
0.165523
0.180832
0.165274
0.163953
0.163935
0.163935
0.165517
0.165484
0.178188
0.167388
0.167388
0.164047
0.171005
0.163934
0.289447
0.206163
0.1673
0.16394
0.182138
0.163946
0.195712
0.348235
0.234119
0.376457
2.124434
0.333365
0.15
0.252433
0.184318
0.181181
0.396805
0.233737
0.198238
0.487623
0.178446
0.432796
0.182633
0.213846
0.180071
0.197039
0.319358
0.3385
0.211586
0.180632
0.252028
0.165799
0.288111
0.15
0.16275
0.241131
0.262631
0.440533
0.209028
0.169341
0.412945
0.247566
0.328419
0.171783
0.778778
0.270783
0.269893
2.285122
0.207754
0.211471
0.234375
0.576591
0.239964
0.203435
0.164848
0.304003
0.237222
0.198428
0.300929
0.164167
0.231131
0.16275
0.241776
0.166973
0.245943
0.167704
0.170886
0.16275
0.210001
0.230714
0.182993
0.197854
0.272987
0.263459
0.163941
0.251029
0.164207
0.207126
0.191749
0.344605
0.16275
0.222414
0.218488
0.214261
0.535652
0.182931
0.262706
0.241683
0.249692
0.168749
0.170464
0.452218
0.232854
0.246592
0.249303
0.167975
0.468306
0.280872
0.251395
0.597146
0.40218
0.218153
0.19915
0.164198
0.205324
0.180313
0.66463
1.342413
0.222977
0.243925
0.213424
0.182262
0.165234
0.289858
0.250322
0.186961
0.208733
0.194784
0.43678
0.299378
0.228307
0.188736
0.244117
0.182893
0.530951
0.16275
0.177309
0.18416
0.193736
0.217953
0.264739
0.332949
0.310144
0.18142
0.257604
0.243419
0.166313
0.211988
0.280999
0.403014
0.217835
0.283816
0.187358
0.16502
0.358103
0.202446
0.396653
0.266501
0.168259
0.337464
0.202311
0.164407
0.385358
0.341746
0.231035
0.228382
0.187931
0.194991
0.229743
0.16698
0.184335
0.479476
0.223353
0.256555
0.21436
0.207089
0.250763
0.237965
0.42379
0.202363
0.350718
0.266507
0.275033
0.187765
0.186893
0.230706
0.198092
0.184115
0.169348
0.659113
0.237029
0.415447
0.197535
0.166964
0.212453
0.312711
0.16756
0.227383
0.205492
0.197872
0.2422
0.205946
0.163834
0.169343
0.201432
0.165502
0.258474
0.196526
0.235849
0.204085
0.239974
0.225521
0.283853
0.166196
0.183139
0.228115
0.214714
0.154137
0.154137
0.221559
0.213991
0.233606
0.172426
0.166805
0.436726
0.175861
0.351583
0.165983
0.230074
0.165903
0.198904
0.168338
0.382568
0.248027
0.248867
0.187874
0.239674
0.25436
0.180891
0.176539
0.265489
0.211464
0.227152
0.158502
0.166304
0.175786
0.167189
0.179048
0.189125
0.167801
0.205176
0.168447
0.203962
0.296809
0.185895
0.207605
0.230881
0.166227
0.414945
0.179553
0.170989
0.169386
0.168174
0.188658
0.183186
0.164403
0.166053
0.168293
0.168511
0.188561
0.169201
0.202134
0.180739
0.218222
0.186475
0.188837
0.19399
0.170281
0.166549
0.178805
0.164292
0.227176
0.201251
0.169375
0.180707
0.165295
0.180245
0.224899
0.179578
0.179149
0.186094
0.221566
0.186508
0.16937
0.167081
0.172608
0.249322
0.16599
0.170664
0.170664
0.188433
0.201237
0.165119
0.202486
0.166253
0.308132
0.164238
0.227286
0.163308
0.167682
0.305629
0.196785
0.169587
0.16517
0.166198
0.169345
0.167136
0.183599
0.184654
0.225553
0.186111
0.186466
0.337995
0.21367
0.165264
0.171116
0.221143
0.179935
0.165739
0.195434
0.153715
0.153715
0.196657
0.198108
0.167563
0.179246
0.18018
0.180645
0.165546
0.165244
0.167942
0.174188
0.165884
0.165884
0.181515
0.181061
0.167286
0.203841
0.24137
0.178444
0.185586
0.170338
0.163983
0.155787
0.165374
0.165374
0.16393
0.16393
0.165143
0.193979
0.182759
0.165192
0.163947
0.167528
0.169363
0.165358
0.177885
0.163953
0.177653
0.205738
0.175731
0.163965
0.180401
0.29296
0.163946
0.165417
0.165417
0.163943
0.166868
0.191757
0.196611
0.189994
0.164114
0.163945
0.184546
0.179512
0.175887
0.182633
0.165304
0.163315
0.188406
0.165621
0.163935
0.165632
0.165732
0.181464
0.165642
0.165495
0.163941
0.242679
0.306931
0.242507
0.387121
0.192055
2.277239
0.670022
0.16275
0.181416
0.211036
0.15
0.403037
0.164217
0.193263
0.266087
0.67983
0.16715
0.351743
0.164167
0.469516
0.15
0.214814
0.406218
0.188571
0.236476
2.444861
1.394611
0.299844
0.209676
0.277081
0.296977
0.394976
0.166657
0.248484
0.165811
0.392705
0.498177
0.32142
0.174686
0.169665
0.16275
0.21307
0.215324
0.255158
0.15
0.291466
0.280006
0.215736
0.175621
0.16275
0.196588
0.3862
0.186865
0.420655
0.184776
0.164017
0.185931
0.200959
0.181496
0.516395
0.164106
0.219212
0.184474
0.232373
0.291655
0.242102
0.368748
0.221803
0.178003
0.308867
0.244775
0.170338
0.310895
0.439975
0.568676
0.357608
0.392027
0.1788
0.33265
0.173921
0.165868
0.321067
0.17887
0.178242
0.20679
0.231516
0.16275
0.15
0.16275
0.188694
0.168746
0.41089
0.252949
0.176405
0.217335
0.220945
0.396017
0.189469
0.213883
0.169808
0.270674
0.302827
0.183047
0.174676
0.204319
0.325037
0.187404
0.210041
0.254095
0.317151
0.377732
0.437199
0.212073
0.22163
0.281265
0.1691
0.16653
0.212522
0.210076
0.341746
0.240027
0.170646
0.170189
0.315834
0.192263
0.194845
0.293902
0.29675
0.276302
0.172187
0.242573
0.2823
0.262433
0.170315
0.165273
0.164027
0.36155
0.156466
0.415281
0.256408
0.362646
0.25784
0.207855
0.22056
0.17014
0.223529
0.20693
0.17585
0.293264
0.210232
0.166692
0.183106
0.197526
0.437835
0.214749
0.216839
0.16779
0.359367
0.176029
0.209036
0.201199
0.16756
0.186239
0.185252
0.230276
0.20445
0.207925
0.319278
0.260379
0.377897
0.194822
0.166991
0.185939
0.261173
0.266661
0.238932
0.228813
0.238227
0.18845
0.172921
0.260246
0.185623
0.193796
0.154137
0.197371
0.343433
0.2197
0.181526
0.179936
0.24866
0.188427
0.362585
0.172309
0.169385
0.187657
0.183519
0.171501
0.185963
0.210378
0.191781
0.378625
0.171166
0.167591
0.846723
0.173078
0.173078
0.18546
0.18441
0.165143
0.164027
0.174321
0.188114
0.19677
0.166304
0.205886
0.224654
0.188951
0.189404
0.214361
0.182267
0.231149
0.197593
0.167402
0.289965
0.165372
0.166227
0.164636
0.176376
0.164477
0.460258
0.238434
0.183321
0.329006
0.164284
0.212666
0.183152
0.205584
0.167397
0.206798
0.320088
0.210326
0.166217
0.213085
0.173283
0.183007
0.19804
0.253142
0.167686
0.164241
0.169189
0.277653
0.26173
0.308864
0.192507
0.167674
0.183336
0.203165
0.181258
0.163503
0.191897
0.215649
0.167741
0.168251
0.182058
0.170869
0.182108
0.225216
0.194731
0.165808
0.169824
0.179638
0.169725
0.164086
0.248419
0.178086
0.164151
0.164413
0.254455
0.164387
0.183646
0.167057
0.182773
0.19333
0.195795
0.1887
0.198905
0.269654
0.167289
0.181858
0.168112
0.168894
0.164603
0.163974
0.224928
0.169587
0.167409
0.164196
0.166198
0.182159
0.184357
0.167136
0.169089
0.166056
0.180684
0.183366
0.199624
0.167323
0.168412
0.178225
0.179688
0.183702
0.325146
0.153715
0.153715
0.153715
0.153715
0.232656
0.348544
0.164672
0.15971
0.164333
0.164562
0.180791
0.167281
0.19684
0.166636
0.163938
0.181187
0.199353
0.183503
0.186853
0.17148
0.164039
0.165504
0.181594
0.228733
0.181183
0.193264
0.181551
0.166393
0.213228
0.183333
0.164085
0.164088
0.178174
0.166909
0.185432
0.179259
0.195763
0.166331
0.164113
0.165662
0.169098
0.192426
0.1798
0.16442
0.164209
0.180973
0.165396
0.168188
0.164636
0.164066
0.166355
0.164138
0.179706
0.164439
0.164258
0.164258
0.164085
0.163965
0.164061
0.177559
0.180802
0.166427
0.154248
0.154248
0.164396
0.164055
0.18113
0.165417
0.182263
0.164231
0.16406
0.18841
0.17789
0.165368
0.174167
0.189772
0.163945
0.166953
0.156648
0.327397
0.166315
0.163934
0.168277
0.185123
0.167584
0.198214
0.164137
0.163936
0.183179
0.165285
0.165285
0.18508
0.16401
0.166606
0.165354
0.163934
0.165632
0.165619
0.163941
0.164073
0.169605
0.178833
0.314254
0.217505
0.27284
0.17351
0.16275
0.239843
0.246179
0.16528
0.452208
0.266279
0.15
0.494404
0.167256
0.191743
0.383918
0.16275
2.432171
2.119226
0.164167
0.520571
0.19085
0.238569
0.225312
2.588489
0.202081
0.194095
0.251963
0.236678
0.303509
0.182474
0.248831
0.330595
0.197164
0.210174
1.715936
0.201335
0.327351
0.226652
0.27563
0.216454
0.214656
0.260543
0.202404
0.166973
0.15
0.236929
0.239253
0.202715
0.170609
0.30051
0.191474
0.196054
1.081563
0.15
0.25036
0.165554
0.172214
0.221345
0.179773
0.198985
0.172501
0.218494
0.163941
0.185253
0.178269
0.165804
0.193153
0.179622
0.15
0.212828
0.16595
0.39202
0.418545
0.441162
0.273388
0.167975
0.172192
0.204712
0.218289
0.226067
0.28766
0.164725
0.542222
0.260817
0.323011
0.222926
0.165534
0.307121
0.209506
0.19956
0.237702
0.169764
0.215722
0.394429
0.15
0.196442
0.4711
0.162966
0.227206
0.197709
0.271325
0.545557
0.366767
0.262816
0.215768
0.180811
0.192144
0.167193
0.197952
0.180439
0.216044
0.24002
0.230919
0.399316
0.17228
0.235814
0.16685
0.232876
0.40427
0.212645
0.226523
0.170496
0.194218
0.359516
0.229882
0.273774
0.476071
0.26175
0.285441
0.191247
0.240469
0.194551
0.198245
0.163834
0.42267
0.414691
0.163834
0.214821
0.217775
0.182098
0.170118
0.205549
0.158758
0.241118
0.208749
0.165717
0.177631
0.195819
0.232662
0.234918
0.169731
0.207571
0.16652
0.262655
0.257222
0.167577
0.156071
0.232362
0.367635
0.195263
0.190437
0.234445
0.183908
0.228843
0.169878
0.26324
0.190783
0.216862
0.163834
0.177682
0.189981
0.17585
0.193017
0.182276
0.184829
0.221596
0.22227
0.274782
0.211417
0.163834
0.188918
0.172438
0.340463
0.165235
0.23963
0.209415
0.197872
0.171369
0.203394
0.449651
0.240439
0.235254
0.269528
0.18496
0.164917
0.336519
0.175221
0.252077
0.267249
0.264214
0.236108
0.188767
0.208698
0.21047
0.207983
0.202096
0.247832
0.172426
0.380626
0.166043
0.269049
0.168628
0.165903
0.165715
0.18108
0.373527
0.240113
0.221992
0.231801
0.16972
0.261425
0.153498
0.167591
0.351606
0.188256
0.197762
0.207688
0.24691
0.361817
0.25693
0.176996
0.298606
0.187014
0.225954
0.171051
0.171997
0.219408
0.182905
0.291013
0.225469
0.218413
0.25183
0.171484
0.177502
0.233662
0.168506
0.177785
0.245217
0.219101
0.188704
0.176846
0.198696
0.252045
0.172879
0.167183
0.217956
0.179375
0.220612
0.403534
0.225057
0.185827
0.236645
0.392017
0.165986
0.192959
0.171926
0.170913
0.167502
0.156567
0.165103
0.24868
0.230948
0.164501
0.16961
0.189043
0.26313
0.166695
0.192386
0.208322
0.467991
0.170844
0.200989
0.184602
0.203715
0.18323
0.170085
0.168865
0.168643
0.163503
0.174372
0.199659
0.167056
0.170869
0.175322
0.164559
0.228007
0.168702
0.241161
0.171294
0.19353
0.42162
0.21835
0.169258
0.164473
0.566944
0.185962
0.165463
0.182783
0.169016
0.228378
0.164263
0.178096
0.228778
0.183068
0.231491
0.196544
0.164651
0.231826
0.182143
0.164528
0.165261
0.194603
0.169907
0.177018
0.29697
0.167301
0.179341
0.166056
0.192862
0.170492
0.168412
0.166049
0.166519
0.18351
0.180027
0.179101
0.306932
0.166108
0.164364
0.16859
0.165701
0.167514
0.167576
0.153715
0.164562
0.220483
0.244537
0.279626
0.180686
0.208621
0.167163
0.210741
0.167103
0.184842
0.187056
0.165901
0.165627
0.17873
0.177869
0.290739
0.166724
0.179511
0.233534
0.193637
0.164931
0.317047
0.168741
0.194877
0.197371
0.170751
0.179539
0.163953
0.164102
0.164061
0.179172
0.178031
0.164284
0.207372
0.165358
0.167139
0.194553
0.166508
0.179824
0.164544
0.264385
0.164085
0.175731
0.163965
0.163936
0.166427
0.154248
0.154248
0.154248
0.172324
0.184557
0.168161
0.167488
0.199766
0.19194
0.167519
0.168277
0.168277
0.185123
0.223233
0.163946
0.165484
0.164631
0.165263
0.165259
0.177986
0.179821
0.164304
0.175827
0.163994
0.165502
0.194574
0.179074
0.163944
0.181551
0.164195
0.16538
0.280626
0.186449
0.19024
0.164066
0.163941
0.164073
0.169605
0.295132
0.201589
0.441909
0.21312
0.213964
0.399971
2.012255
0.440847
0.169068
0.16528
0.228106
0.1755
2.448265
0.211981
0.748608
0.226604
0.43673
0.169499
0.16776
0.168449
0.453151
0.219214
0.177716
0.16275
0.228946
0.322862
0.194354
0.484203
1.561229
0.228568
0.212043
0.266999
0.169665
0.164074
0.398921
0.24099
0.164167
0.217242
0.18566
0.249785
0.163934
0.181771
0.303546
0.198289
0.457796
0.179105
0.228896
0.233442
0.169843
0.219127
0.176584
0.179233
0.273813
2.501396
0.170704
0.332172
0.416387
0.15
0.222098
0.168794
0.1755
0.16275
0.470553
0.191154
0.269866
0.17384
0.269636
0.194871
0.272669
0.303712
0.154137
0.257594
0.264411
0.492207
0.198977
0.231775
0.152535
0.167142
0.167798
0.167798
0.179633
0.220538
0.164167
0.226766
0.189358
0.264521
0.173511
0.244351
0.206952
0.192139
0.205265
0.176263
0.252089
0.243314
0.211835
0.263979
0.196993
0.166496
0.233621
0.163834
0.270156
0.17433
0.301581
0.177842
0.215507
0.238011
0.354712
0.203778
0.244677
0.365819
0.402102
0.404127
0.245327
0.181901
0.188864
0.189243
0.289295
0.165717
0.253699
0.256575
0.231395
0.173017
0.235637
0.168869
0.169621
0.183689
0.282582
0.23687
0.223226
0.252443
0.196442
0.309117
0.192145
0.232757
0.166219
0.180357
0.482837
0.18252
0.166042
0.176929
0.208486
0.348772
0.338773
0.166692
0.167535
0.173204
0.267689
0.254584
0.208892
0.201998
0.16955
0.207841
0.165235
0.232417
0.428809
0.178772
0.280879
0.201979
0.172643
0.1864
0.189518
0.226767
0.229012
0.205307
0.237515
0.177216
0.175768
0.200035
0.183139
0.194128
0.168943
0.340836
0.172426
0.175793
0.163959
0.31839
0.188069
0.403462
0.20117
0.214289
0.232814
0.218459
0.153498
0.153498
0.322469
0.190536
0.329859
0.167591
0.378048
0.18384
0.176539
0.168405
0.188759
0.170465
0.170465
0.212379
0.164027
0.168871
0.166733
0.166637
0.299178
0.201849
0.167402
0.236187
0.178242
0.185319
0.172879
0.189046
0.169968
0.173036
0.245518
0.167397
0.334152
0.196143
0.277122
0.186497
0.180594
0.174686
0.215147
0.215415
0.167567
0.197148
0.207396
0.191482
0.170716
0.349563
0.167686
0.275608
0.172115
0.206044
0.36406
0.200123
0.166054
0.163926
0.393293
0.277131
0.193202
0.16583
0.196237
0.166285
0.211363
0.219556
0.167674
0.188564
0.196717
0.268293
0.239557
0.320296
0.188324
0.168643
0.189724
0.166549
0.232814
0.196272
0.166883
0.200886
0.152535
0.184053
0.194731
0.202859
0.205368
0.163937
0.184626
0.192298
0.655725
0.183637
0.169052
0.169052
0.235798
0.168785
0.183104
0.167563
0.163047
0.215857
0.22648
0.181287
0.178408
0.173523
0.164698
0.165707
0.18732
0.152802
0.176224
0.16756
0.250389
0.179596
0.201508
0.165668
0.163981
0.18496
0.233984
0.208858
0.165261
0.165664
0.165192
0.177252
0.167011
0.167011
0.168986
0.164381
0.164097
0.166276
0.178968
0.168859
0.293013
0.170312
0.289346
0.165782
0.181866
0.172293
0.165573
0.182284
0.164228
0.194018
0.185838
0.153715
0.153715
0.153715
0.153715
0.166589
0.16432
0.166459
0.23723
0.225651
0.176989
0.166946
0.166643
0.167281
0.207684
0.240649
0.17229
0.167163
0.166907
0.213106
0.166467
0.183479
0.170237
0.167166
0.242339
0.169944
0.177543
0.180997
0.180246
0.170338
0.186308
0.172185
0.165374
0.168373
0.167742
0.168215
0.165712
0.164291
0.321612
0.182113
0.23562
0.174206
0.167422
0.167422
0.177653
0.155092
0.165534
0.307993
0.165666
0.166327
0.166327
0.158793
0.164055
0.166655
0.17787
0.178129
0.164415
0.198902
0.179501
0.163183
0.166868
0.163947
0.195076
0.165286
0.164146
0.163497
0.165324
0.163935
0.163936
0.165274
0.168924
0.178262
0.165686
0.164051
0.164078
0.247112
0.163936
0.164829
0.17983
0.1673
0.168571
0.170613
0.217884
0.255912
0.190585
0.526252
0.2766
0.170387
0.170387
0.16528
0.406198
0.542281
0.387963
0.209909
0.241707
0.221881
0.225429
0.283043
0.618834
0.207423
0.442377
0.216357
0.243383
0.187888
0.26303
0.286581
0.231042
0.216979
0.254585
0.21082
2.888169
0.168933
0.377865
0.333241
0.392084
0.216196
0.221532
0.338918
0.245754
0.58933
0.59498
0.20652
0.325713
0.166973
0.281433
0.191657
0.241754
0.186567
0.360061
0.206864
0.606073
0.559131
0.181113
0.164207
0.254217
0.16275
0.21482
0.165523
0.169843
0.224485
0.186646
0.256701
0.239744
0.242854
0.15
0.222819
0.332168
0.428231
0.209947
0.227801
0.248085
0.269594
0.16275
0.16275
0.251828
0.182906
0.202885
0.166466
0.208138
0.184422
0.204433
0.19467
0.180265
0.428596
0.2775
0.182153
0.3037
0.165818
0.252218
0.16275
0.15
0.227284
0.200025
0.327912
0.200166
0.313376
0.386796
0.256757
0.15
0.178541
0.15
0.182078
0.183569
0.192921
0.217415
0.182912
0.250015
0.372416
0.199139
0.214244
0.18248
0.483836
0.256821
0.274873
0.731391
0.171752
0.359052
0.165304
0.225647
0.231483
0.181062
0.185867
0.246924
0.234518
0.215979
0.284563
0.207796
0.24355
0.323557
0.169271
0.37485
0.183983
0.187458
0.198327
0.241695
0.172257
0.383137
0.170118
0.292456
0.207502
0.189049
0.262459
0.198035
0.170712
0.24394
0.201667
0.165273
0.326581
0.262322
0.172604
0.207675
0.249295
0.204775
0.250882
0.170123
0.293011
0.237711
0.265674
0.253996
0.173827
0.207296
0.213809
0.268963
0.181695
0.164917
0.217416
0.165609
0.376044
0.335242
0.17585
0.17585
0.243722
0.169348
0.169348
0.173945
0.259632
0.222405
0.21227
0.211075
0.164706
0.173152
0.173152
0.188785
0.329835
0.203649
0.177712
0.18242
0.368484
0.18846
0.190133
0.172426
0.17132
0.196625
0.1673
0.180387
0.165477
0.179352
0.165501
0.212317
0.184832
0.167564
0.191126
0.194238
0.171551
0.186301
0.215398
0.185351
0.226565
0.177089
0.197561
0.18622
0.2011
0.158052
0.158502
0.195651
0.168871
0.225721
0.165153
0.171484
0.212269
0.204731
0.167242
0.253447
0.167402
0.235164
0.168447
0.198516
0.18014
0.165421
0.32491
0.164636
0.185099
0.189149
0.300098
0.217787
0.166444
0.334393
0.169386
0.194882
0.223661
0.219862
0.205163
0.213478
0.168315
0.191337
0.212485
0.167502
0.201487
0.260118
0.167721
0.184277
0.164559
0.164241
0.188151
0.196441
0.178472
0.168508
0.168754
0.191482
0.18548
0.311199
0.173415
0.168251
0.165538
0.169926
0.183819
0.182154
0.184546
0.167099
0.492692
0.164309
0.265334
0.219863
0.168986
0.245008
0.168051
0.185169
0.170629
0.165957
0.175381
0.1584
0.19511
0.16599
0.170664
0.169178
0.152802
0.16847
0.193976
0.186943
0.239065
0.165314
0.251696
0.190572
0.181369
0.254097
0.183239
0.168355
0.209188
0.170647
0.168057
0.182692
0.166253
0.330284
0.348807
0.207672
0.203195
0.220685
0.306782
0.185354
0.166353
0.172039
0.167056
0.167409
0.168986
0.169345
0.192867
0.165857
0.164317
0.196263
0.18607
0.165778
0.197559
0.178887
0.186256
0.166519
0.165483
0.220974
0.164347
0.19675
0.185774
0.164131
0.153715
0.153715
0.153715
0.314252
0.213552
0.164172
0.19812
0.180069
0.184167
0.168872
0.166039
0.18867
0.179972
0.172669
0.261001
0.166556
0.186339
0.219719
0.18052
0.200377
0.200103
0.183208
0.168128
0.164074
0.179626
0.165477
0.163575
0.168741
0.166472
0.164476
0.181182
0.168938
0.165712
0.164209
0.165168
0.192081
0.165511
0.163937
0.166839
0.164036
0.163938
0.165896
0.163934
0.166427
0.154248
0.166041
0.178012
0.163936
0.163947
0.163947
0.168327
0.166799
0.164236
0.163934
0.163934
0.167584
0.180353
0.17741
0.163934
0.163935
0.163941
0.16433
0.169605
0.170613
0.210922
0.173191
0.547505
0.248364
0.165696
0.165696
0.222286
0.168648
0.183396
0.15
0.230361
0.210536
0.232745
0.244225
0.229477
0.250119
0.15
0.270514
0.21193
0.224458
0.208657
0.204782
0.169341
0.163935
0.496527
0.403943
0.168972
0.168972
0.168972
0.165811
0.293996
0.399496
0.181149
1.201697
1.851517
0.189576
0.193586
0.168411
0.218045
0.187941
0.181889
0.27537
0.206269
0.202251
0.257378
0.273251
0.278154
0.440548
0.360297
1.142499
0.306754
0.187804
0.245715
2.167556
0.163934
0.196373
0.305926
0.16275
0.340759
0.259264
0.168863
0.15
0.202228
0.318079
0.434843
0.173014
0.298826
0.266543
0.236279
0.363497
0.262353
0.538377
0.507014
0.15
0.199737
0.176751
0.210565
0.164167
0.47215
0.4308
0.193018
0.214102
0.167392
0.220907
0.15
0.229148
0.250823
0.262101
0.284059
0.170005
0.19076
0.243546
0.324856
0.16275
0.16275
0.241352
0.16275
0.345315
0.485651
0.295286
0.409794
0.222195
0.231247
0.198473
0.173511
0.245961
0.261937
0.189795
0.309658
0.19583
0.16685
0.242687
0.228415
0.233775
0.183372
0.166496
0.168177
0.332349
0.292353
0.172161
0.243956
0.210392
0.166345
0.594689
0.168057
0.191816
0.372401
0.358774
0.297614
0.288475
0.183983
0.326884
0.248438
0.276604
0.251908
0.279374
0.169015
0.187996
0.228514
0.163834
0.291995
0.174262
0.190911
0.187838
0.236958
0.327865
0.374998
0.279278
0.394027
0.191394
0.29836
0.178808
0.258542
0.263067
0.246928
0.164012
0.182302
0.252398
0.249064
0.212947
0.43565
0.251304
0.216262
0.202399
0.177682
0.187937
0.194703
0.259586
0.176074
0.282117
0.180286
0.349489
0.169422
0.184056
0.237215
0.168721
0.168721
0.240247
0.183206
0.225893
0.197683
0.183617
0.176029
0.233474
0.221611
0.186758
0.17213
0.332208
0.164706
0.183776
0.173238
0.783385
0.182239
0.33012
0.220171
0.164053
0.178566
0.170648
0.196506
0.377153
0.208857
0.154137
0.187041
0.187682
0.168553
0.165914
0.200743
0.186316
0.174145
0.198702
0.232187
0.168338
0.46509
0.187294
0.20225
0.191824
0.173078
0.301028
0.169741
0.169741
0.188854
0.16786
0.181998
0.182273
0.17917
0.25611
0.200589
0.186012
0.165143
0.170267
0.297836
0.301425
0.193493
0.181915
0.204363
0.195582
0.187842
0.183359
0.215473
0.163975
0.17044
0.183634
0.203663
0.245319
0.403441
0.188915
0.200048
0.184351
0.243354
0.306163
0.163926
0.230511
0.182237
0.170029
0.318665
0.178965
0.187978
0.193701
0.23061
0.283465
0.214198
0.1633
0.409217
0.171795
0.171804
0.167201
0.168234
0.167196
0.207294
0.246844
0.250044
0.197193
0.16685
0.229918
0.228687
0.16656
0.251354
0.239058
0.205337
0.212456
0.165538
0.196356
0.195711
0.173246
0.326648
0.353671
0.184697
0.156964
0.298787
0.167578
0.180986
0.170344
0.16916
0.211353
0.165463
0.170664
0.164698
0.170744
0.187637
0.198187
0.168624
0.164513
0.165624
0.164373
0.164373
0.181378
0.562165
0.163974
0.165261
0.178501
0.164318
0.16776
0.167056
0.164196
0.170615
0.169089
0.180096
0.166056
0.18607
0.169747
0.170312
0.167429
0.191879
0.222709
0.219989
0.216176
0.185975
0.153715
0.153715
0.153715
0.153715
0.153715
0.196511
0.166831
0.166831
0.181213
0.198927
0.165949
0.18208
0.183662
0.170216
0.168653
0.166636
0.164415
0.353411
0.154714
0.164039
0.164402
0.198662
0.166393
0.200222
0.167767
0.165819
0.165745
0.168996
0.165419
0.205324
0.164037
0.164037
0.163943
0.155787
0.168858
0.165712
0.209317
0.165512
0.163934
0.178231
0.168188
0.197495
0.163937
0.163943
0.165762
0.165414
0.155092
0.164085
0.164085
0.164061
0.199014
0.166519
0.154248
0.196448
0.16406
0.16406
0.16407
0.164114
0.163945
0.165496
0.164184
0.165618
0.181607
0.163934
0.164056
0.163936
0.164741
0.307355
0.179063
0.18063
0.163934
0.163934
0.18508
0.163944
0.163939
0.167654
0.163934
0.163934
0.164246
0.174692
0.164853
0.185183
1.619381
0.346355
0.257789
0.365297
0.212528
0.242879
0.198498
0.178423
0.201879
0.203815
0.243412
0.212693
0.251911
0.275427
0.203739
0.182722
0.222842
0.277755
0.379401
0.197668
0.166802
0.226555
0.15
0.232126
1.398972
0.221266
0.364301
0.225326
0.214599
0.280562
0.169438
0.347634
0.469211
0.306903
0.232681
0.167876
0.179191
0.301391
0.340545
0.33277
0.194507
0.316817
0.207241
0.183458
0.228531
0.20589
0.250439
0.261085
0.207035
0.163941
0.194562
0.209294
0.278265
0.168863
0.168863
0.27099
0.306222
0.16275
0.213935
0.267412
0.181135
0.275322
0.263973
0.30444
0.207055
0.563202
0.196726
0.426924
0.846036
0.200921
0.184549
0.211163
0.15
0.2775
0.240166
0.222861
0.222861
0.173034
0.165868
0.15
0.164228
0.37115
0.234582
0.223689
0.172371
0.245093
0.418169
0.15
0.16275
0.243553
0.248648
0.44575
0.180428
0.15
0.1649
0.181267
0.165706
0.259259
0.202812
0.219884
0.2775
0.553246
0.634821
0.183314
0.164067
0.198497
0.269788
0.187358
0.224663
0.388277
0.209929
0.185362
0.180323
0.187715
0.428205
0.324998
0.303366
0.224801
0.164407
0.164407
0.250003
0.164068
0.239372
0.196627
0.446227
0.167767
0.303941
0.217025
0.22403
0.164178
0.324573
0.163834
0.175021
0.172187
0.169731
0.202116
0.244752
0.24542
0.256053
0.165273
0.164027
0.170222
0.175041
0.171054
0.185366
0.364576
0.156466
0.393948
0.214042
0.281833
0.194242
0.161173
0.18635
0.214517
0.238497
0.169452
0.206667
0.170604
0.169422
0.212077
0.349743
0.226562
0.217777
0.182668
0.199347
0.17149
0.171224
0.165235
0.16756
0.212739
0.228201
0.28707
0.171101
0.173238
0.400065
0.214222
0.200537
0.22819
0.267717
0.209434
0.164917
0.377517
0.181787
0.184501
0.167633
0.258052
0.277973
0.222432
0.196935
0.199083
0.188083
0.242816
0.165827
0.172426
0.339903
0.192499
0.167392
0.246918
0.446346
0.181989
0.167735
0.267854
0.165477
0.198161
0.228998
0.170402
0.171501
0.170867
0.213607
0.153498
0.196917
0.182556
0.242757
0.17007
0.163947
0.186012
0.219939
0.167699
0.165925
0.20634
0.328541
0.158502
0.266421
0.180046
0.250467
0.269538
0.168064
0.21949
0.166537
0.223169
0.245818
0.481329
0.185692
0.221327
0.166227
0.18813
0.217949
0.186737
0.184675
0.164586
0.167201
0.180774
0.165564
0.23464
0.24369
0.171616
0.343298
0.254723
0.191752
0.229819
0.214257
0.168904
0.184057
0.255162
0.175035
0.166549
0.188898
0.173415
0.163102
0.176889
0.152535
0.152535
0.15625
0.207562
0.18809
0.177038
0.169736
0.164309
0.164086
0.167549
0.212081
0.166246
0.215584
0.198197
0.205065
0.217099
0.164387
0.172567
0.164173
0.170717
0.316749
0.349378
0.170664
0.152802
0.176224
0.164148
0.212699
0.165119
0.167337
0.168181
0.421642
0.216791
0.167004
0.19441
0.168526
0.175508
0.163981
0.168057
0.343727
0.166087
0.194025
0.181109
0.18507
0.250437
0.218418
0.184721
0.179942
0.164167
0.164357
0.179896
0.170312
0.214046
0.187728
0.186065
0.201958
0.165778
0.229965
0.167344
0.164347
0.275643
0.169796
0.153715
0.153715
0.169877
0.224786
0.193882
0.164028
0.164028
0.172921
0.175978
0.171287
0.168773
0.207156
0.16543
0.233742
0.179835
0.165419
0.186383
0.295326
0.164931
0.179259
0.165143
0.167312
0.168938
0.171068
0.163934
0.231771
0.193162
0.168188
0.164066
0.16395
0.164439
0.177653
0.165534
0.164213
0.164213
0.166787
0.191741
0.197356
0.165286
0.180964
0.164146
0.17967
0.181465
0.163935
0.193519
0.177891
0.179355
0.173421
0.165686
0.165259
0.177882
0.163934
0.164304
0.163994
0.165484
0.18063
0.171005
0.16401
0.165401
0.164535
0.17838
0.163934
0.257734
0.173191
0.237735
0.251422
0.382113
0.176046
1.522004
0.195151
0.443832
0.257851
0.202152
0.917852
0.247507
0.16915
2.05381
0.189701
0.20894
0.220856
0.16275
0.15
0.185551
0.177716
0.273564
0.198626
0.16275
0.20566
0.169341
0.27115
0.171417
0.235679
0.15
0.298979
0.232898
0.15
0.29431
0.307435
0.280418
0.168411
0.166866
0.165577
0.164074
0.249073
0.210301
0.233853
0.326211
0.223849
0.189463
0.306069
0.16785
0.165554
0.29834
0.199361
0.252635
0.472711
0.221847
0.289329
0.427984
0.190697
0.189392
0.250181
0.340081
0.320065
0.211769
0.351319
0.221222
0.213426
0.216585
0.27241
0.255601
0.308931
0.186646
0.243681
0.252011
0.279804
0.164172
0.263295
0.284679
0.16275
0.169783
0.186792
0.204041
0.167186
0.193712
0.257682
0.164167
0.245711
0.179218
0.183097
0.178122
0.196266
0.21149
0.35401
0.169478
0.188501
0.237156
0.15
0.177225
0.170005
0.175297
0.365643
0.16275
0.185305
0.166288
0.224311
0.412611
0.21528
0.203539
0.217031
0.167735
0.237451
0.308236
0.627742
0.389631
0.230378
0.216526
0.20486
0.164084
0.235631
0.187384
0.249884
0.482429
0.385098
0.217525
0.189462
0.258874
0.206114
0.264672
0.207728
0.202222
0.19573
0.172358
0.281672
0.209425
0.609994
0.259885
0.188245
0.203842
0.251344
0.199964
0.177067
0.179759
0.330136
0.237203
0.169797
0.203917
0.232696
0.182374
0.213688
0.292159
0.223045
0.156071
0.204124
0.466591
0.367635
0.173836
0.176944
0.274249
0.269613
0.170905
0.177682
0.223998
0.798979
0.174593
0.21951
0.205582
0.210726
0.16779
0.229569
0.234773
0.199753
0.242173
0.221749
0.186924
0.172342
0.185235
0.202593
0.221279
0.217533
0.174639
0.18946
0.264628
0.474376
0.274939
0.216569
0.242833
0.192788
0.20342
0.158861
0.47369
0.352047
0.207023
0.176105
0.173206
0.164034
0.21571
0.154137
0.172426
0.232732
0.185433
0.244921
0.242043
0.189283
0.185148
0.214752
0.241446
0.268135
0.165511
0.189274
0.164051
0.169568
0.173171
0.183539
0.230347
0.23093
0.265379
0.166448
0.2139
0.199254
0.220679
0.234397
0.173486
0.167282
0.215707
0.185675
0.34572
0.172825
0.165103
0.20244
0.174686
0.169236
0.181501
0.173378
0.208598
0.186216
0.178625
0.164241
0.172787
0.169213
0.169213
0.167893
0.212395
0.218278
0.195634
0.292488
0.183619
0.180819
0.177129
0.183424
0.170701
0.169736
0.167549
0.180431
0.32846
0.212235
0.179149
0.232671
0.303484
0.174082
0.333884
0.164473
0.173523
0.193148
0.169044
0.165915
0.165915
0.168969
0.267246
0.165119
0.210705
0.2576
0.235545
0.167646
0.216636
0.167431
0.196918
0.166376
0.179342
0.267677
0.167596
0.226194
0.216297
0.180115
0.209449
0.209006
0.170312
0.346523
0.20543
0.174861
0.174861
0.166056
0.217701
0.167405
0.199212
0.195891
0.170492
0.190211
0.178023
0.181398
0.165782
0.187184
0.182083
0.164131
0.165739
0.169796
0.185838
0.185838
0.311531
0.164506
0.164626
0.178084
0.165394
0.164003
0.16394
0.164132
0.296475
0.165546
0.16397
0.165504
0.180956
0.15
0.168194
0.16744
0.168128
0.166968
0.169547
0.16585
0.17873
0.193624
0.177869
0.302949
0.164074
0.164085
0.164085
0.17255
0.166909
0.170509
0.339143
0.164081
0.167467
0.164476
0.198128
0.170751
0.163974
0.179378
0.165192
0.182468
0.206707
0.179976
0.179829
0.163938
0.188583
0.167627
0.154248
0.154248
0.154248
0.166787
0.197356
0.165487
0.16407
0.165368
0.167519
0.165324
0.30131
0.165497
0.163945
0.165523
0.165484
0.289556
0.163994
0.163944
0.1673
0.165632
0.165484
0.165286
0.170084
0.167338
0.461404
0.249463
0.256983
0.176046
0.440759
0.216755
0.179765
0.435134
0.15
0.209728
0.189536
0.21888
0.270638
0.274673
0.379767
0.15
0.181504
0.15
0.232453
0.242413
0.21085
0.368352
0.165119
0.176917
0.210537
0.220589
0.236886
0.19393
0.185468
0.461687
0.163934
0.229307
0.179647
0.250762
0.225115
0.408042
1.263915
0.181014
0.252468
0.218372
0.252731
0.348342
0.212485
0.165019
0.258605
2.631537
1.785542
2.560411
0.25365
0.548887
0.221644
0.398045
0.273976
0.268193
0.226449
0.230579
0.166973
0.205966
0.15
0.188724
0.172761
0.360061
0.379844
0.229677
0.283163
0.15
0.1755
0.180545
0.692845
0.17398
0.215327
0.179811
0.2008
0.178041
0.190275
0.170157
0.186962
0.21549
0.231301
0.15
0.173014
0.463711
0.215426
0.244707
0.174566
0.276395
0.473962
0.686266
0.225633
0.168794
0.240747
0.16275
0.219056
0.184384
0.205591
0.277005
0.558692
0.2019
0.237925
0.16275
0.20167
0.295838
0.216876
0.417264
0.26636
0.188041
0.25234
0.219153
0.413508
0.196861
0.286338
0.176907
0.264396
0.16275
0.183561
0.171204
0.215132
0.431693
0.218179
0.289674
0.450068
0.236116
0.183941
0.16685
0.267054
0.292634
0.258185
0.20375
0.32376
0.18108
0.247658
0.211855
0.187159
0.217466
0.209054
0.490617
0.182691
0.221507
0.205989
0.296925
0.166784
0.483712
0.328609
0.29329
0.219887
0.166129
0.158758
0.172716
0.209646
0.202152
0.248565
0.208451
0.209112
0.189059
0.205869
0.168869
0.309616
0.249226
0.204849
0.190085
0.246319
0.19346
0.380345
0.433739
0.320867
0.168631
0.17935
0.268397
0.233853
0.205244
0.249825
0.24604
0.488028
0.175801
0.171507
0.168721
0.167535
0.185756
0.208892
0.366369
0.199452
0.205818
0.171761
0.163834
0.262875
0.193134
0.182893
0.322358
0.187035
0.197872
0.204365
0.168543
0.247684
0.182316
0.191612
0.189518
0.221781
0.238597
0.460685
0.195909
0.416298
0.166991
0.175221
0.195432
0.228579
0.212341
0.218868
0.168141
0.18768
0.196059
0.237216
0.184541
0.197489
0.170366
0.245681
0.166805
0.185977
0.182605
0.351815
0.195131
0.274237
0.174032
0.200738
0.218201
0.172715
0.185855
0.210427
0.170332
0.221041
0.326047
0.242421
0.255874
0.172009
0.239657
0.246504
0.228088
0.242689
0.202476
0.216334
0.170916
0.348395
0.168064
0.171457
0.172262
0.254413
0.245431
0.256437
0.189316
0.172536
0.1874
0.173996
0.280957
0.185473
0.217517
0.21047
0.172361
0.212435
0.16454
0.197619
0.21069
0.259713
0.168315
0.167502
0.181058
0.179646
0.164241
0.164241
0.317856
0.182232
0.186313
0.186427
0.222844
0.199678
0.165849
0.281891
0.172132
0.165113
0.189048
0.182121
0.216425
0.163503
0.205062
0.321042
0.208925
0.199962
0.224579
0.166161
0.167705
0.21194
0.189422
0.170869
0.191104
0.199824
0.171136
0.163937
0.179853
0.221599
0.301053
0.165392
0.168986
0.190955
0.241751
0.260082
0.23625
0.213648
0.184635
0.166088
0.186094
0.164387
0.188312
0.593086
0.167081
0.1584
0.301901
0.199888
0.217953
0.169629
0.168819
0.168819
0.165119
0.165032
0.168758
0.241361
0.203303
0.170549
0.18826
0.167289
0.166087
0.183681
0.219063
0.179879
0.165894
0.335083
0.191192
0.235214
0.181272
0.182381
0.170312
0.193733
0.204577
0.237035
0.16986
0.160184
0.173002
0.165774
0.170312
0.166049
0.201136
0.165625
0.163935
0.165753
0.16878
0.165701
0.166686
0.184248
0.170044
0.203719
0.167031
0.16537
0.16432
0.16435
0.166846
0.213786
0.166946
0.166946
0.181102
0.259958
0.166435
0.248531
0.15
0.175978
0.190515
0.166556
0.166481
0.164402
0.166907
0.21605
0.163948
0.16572
0.163934
0.164112
0.227917
0.170786
0.168373
0.165788
0.165486
0.167742
0.167213
0.264141
0.178085
0.164284
0.176949
0.185628
0.194736
0.164085
0.174647
0.154248
0.154248
0.154248
0.165633
0.179028
0.16409
0.182874
0.16406
0.194158
0.166449
0.208734
0.163974
0.163945
0.180669
0.165497
0.164066
0.163945
0.165496
0.165496
0.164184
0.189936
0.165618
0.168924
0.163935
0.164067
0.163935
0.195375
0.164078
0.412704
0.175827
0.166015
0.163934
0.165518
0.165518
0.291112
0.1673
0.167338
0.165143
0.164013
0.194383
0.310645
2.392042
0.272643
0.233228
2.020778
0.170387
0.56287
0.225768
0.695206
0.291016
0.797808
0.16275
0.179771
0.268397
0.25548
0.656871
0.241125
0.16407
0.164335
0.267122
0.238246
0.164167
0.181722
1.884941
0.171046
0.229981
0.247658
0.239763
0.167324
0.185872
0.294793
0.312115
0.171412
0.241163
0.219122
0.235352
0.167059
0.475477
0.284827
0.185136
0.253868
0.305801
0.949277
0.210202
0.186364
0.470952
0.495543
0.267553
0.163834
0.300562
0.165019
0.19602
0.212362
0.273686
0.36669
0.291706
0.260641
0.2166
0.434988
0.16275
0.203865
0.304566
0.20668
0.227316
0.20361
0.15
0.188366
0.184569
0.348437
0.233407
0.205648
0.232309
0.165554
0.250353
0.410373
0.186862
0.16275
0.16275
0.281702
0.231853
0.25799
0.169843
0.260289
0.168863
0.217621
0.388015
0.376338
0.190851
0.406261
0.257671
0.270232
0.187431
0.232795
0.262707
0.16275
0.200488
0.290012
0.42689
0.169088
0.300799
0.304435
0.389876
0.165868
0.566076
0.16275
0.232293
0.230652
0.300303
0.19122
0.181127
0.203529
0.15
0.191146
0.195932
0.456686
0.220978
0.214529
0.200884
0.465987
0.176263
0.416712
0.240375
0.264895
0.198389
0.230211
0.398068
0.187404
0.185867
0.227594
0.275471
0.254098
0.274594
0.190607
0.168259
0.240777
0.192951
0.206295
0.32308
0.187344
0.379298
0.195127
0.287793
0.269162
0.195633
0.165717
0.256275
0.30669
0.189044
0.19235
0.170315
0.164012
0.20278
0.169265
0.171602
0.165461
0.296919
0.190222
0.186872
0.347359
0.205907
0.213267
0.18886
0.209238
0.215217
0.952334
0.427416
0.298687
0.276011
0.188297
0.197526
0.214798
0.165153
0.193492
0.164328
0.171006
0.251455
0.178907
0.314682
0.29494
0.346008
0.169626
0.224395
0.188438
0.247407
0.197872
0.278722
0.193141
0.211692
0.168223
0.172169
0.187005
0.347876
0.231172
0.158861
0.301059
0.20148
0.199117
0.243541
0.235322
0.237481
0.440165
0.178155
0.233225
0.363664
0.168905
0.20785
0.243062
0.199996
0.169154
0.269864
0.189241
0.248356
0.172241
0.371807
0.186615
0.169568
0.217075
0.2188
0.24373
0.194701
0.188438
0.190722
0.167657
0.172484
0.201849
0.174644
0.219449
0.486083
0.214778
0.19873
0.356187
0.17147
0.168496
0.1633
0.172092
0.185757
0.1857
0.23583
0.197609
0.262778
0.168315
0.17159
0.338582
0.18758
0.217076
0.164403
0.515886
0.164403
0.169236
0.19254
0.256576
0.167785
0.188343
0.241275
0.246611
0.208938
0.168893
0.165819
0.165819
0.164262
0.168377
0.179521
0.201181
0.164296
0.202565
0.176324
0.215721
0.16844
0.172756
0.244278
0.175455
0.174954
0.163503
0.174372
0.181925
0.213709
0.177545
0.167056
0.170701
0.169926
0.213255
0.164114
0.201178
0.188105
0.164086
0.279327
0.168986
0.265298
0.183464
0.177789
0.195992
0.170371
0.182324
0.166053
0.183944
0.201042
0.164037
0.198015
0.342071
0.362897
0.180823
0.19576
0.182475
0.27408
0.168819
0.202451
0.324015
0.165624
0.196104
0.222024
0.186462
0.17696
0.232888
0.196817
0.219465
0.175717
0.168112
0.168894
0.226013
0.304717
0.167284
0.183464
0.180718
0.2152
0.166353
0.182397
0.169438
0.251448
0.168314
0.185041
0.166489
0.163898
0.198939
0.350415
0.172375
0.324038
0.172293
0.181018
0.198222
0.171116
0.153715
0.153715
0.180073
0.350316
0.177886
0.240958
0.182079
0.18584
0.220267
0.224281
0.18171
0.192128
0.180866
0.190242
0.170227
0.199483
0.182775
0.167163
0.292021
0.163957
0.164127
0.166968
0.164315
0.169547
0.165819
0.179785
0.18249
0.16585
0.164089
0.169375
0.19287
0.164181
0.212954
0.165479
0.201459
0.166331
0.166331
0.195523
0.16709
0.244634
0.165662
0.169998
0.176766
0.167608
0.165788
0.185391
0.169868
0.302713
0.163953
0.165429
0.165119
0.165192
0.16561
0.163976
0.166504
0.164036
0.164439
0.165534
0.331617
0.178995
0.170983
0.154248
0.154248
0.163946
0.175741
0.165487
0.165324
0.163945
0.166799
0.178158
0.289476
0.164294
0.163936
0.289344
0.165274
0.165357
0.188904
0.163935
0.163936
0.164304
0.307847
0.163946
0.165129
0.186925
0.163939
0.16538
0.1673
0.163934
0.168
0.16556
0.183161
0.236535
0.173211
0.231252
1.456318
0.167209
0.170387
0.256083
0.16275
0.16275
0.579561
0.287474
0.217106
0.285658
0.164335
0.16275
0.16275
0.165387
0.329006
0.324574
0.227183
0.222209
0.204081
0.169499
0.408144
0.171412
0.464586
0.16275
0.27009
0.168449
0.16275
0.222739
0.213768
0.175993
0.206417
0.203938
1.161307
0.215429
0.302399
0.231354
0.179194
0.245829
0.16275
0.41671
0.16275
0.204381
0.308291
0.253741
0.220249
0.445955
0.248442
0.15
0.292743
0.390658
0.396832
0.218407
0.187189
0.276224
0.184206
0.337597
1.812381
0.222828
0.16275
0.499869
0.322178
0.168794
0.15
0.16275
0.180088
0.17384
0.16407
0.281418
0.240376
0.224644
0.274408
0.357502
0.180388
0.388326
0.223415
0.225864
0.303452
0.164228
0.189678
0.201551
0.185801
0.16275
0.180884
0.202889
0.182369
0.186508
0.18248
0.20472
0.561903
0.183141
0.213883
0.17652
0.19995
0.218421
0.16685
0.240762
0.320579
0.433755
0.313664
0.213654
0.185775
0.280186
0.268645
0.197041
0.246763
0.609802
0.198457
0.313964
0.196432
0.172334
0.268013
0.252437
0.227385
0.217713
0.440966
0.374775
0.175609
0.227848
0.184335
0.217306
0.356985
0.236062
0.569032
0.211763
0.184226
0.173152
0.213728
0.197696
0.156466
0.610976
0.227269
0.242687
0.243592
0.276865
0.201655
0.229039
0.300118
0.207745
0.173643
0.221307
0.163834
0.169425
0.169425
0.181644
0.188498
0.208074
0.189593
0.18951
0.225075
0.24483
0.31597
0.201228
0.227635
0.204825
0.352825
0.24768
0.170095
0.171101
0.236294
0.168878
0.169216
0.26196
0.163834
0.177801
0.180854
0.158861
0.172919
0.212707
0.304994
0.215162
0.216286
0.217887
0.184042
0.198618
0.195642
0.192216
0.182624
0.166805
0.283481
0.324336
0.254478
0.209985
0.298967
0.230884
0.223571
0.230227
0.212171
0.16845
0.337306
0.171501
0.164552
0.197187
0.16972
0.153498
0.171166
0.216712
0.172241
0.168516
0.257587
0.271385
0.176996
0.166744
0.207947
0.185401
0.317522
0.316564
0.251757
0.273274
0.242755
0.166448
0.233024
0.168447
0.204759
0.184862
0.221243
0.184351
0.183811
0.170737
0.168888
0.176376
0.204767
0.185173
0.185329
0.282744
0.180825
0.203916
0.166332
0.517937
0.278802
0.185957
0.183808
0.19359
0.28002
0.166695
0.23808
0.167012
0.182668
0.166054
0.33925
0.238967
0.172132
0.294402
0.166549
0.178805
0.170249
0.188898
0.170706
0.381921
0.182058
0.163102
0.165987
0.170163
0.166883
0.152535
0.194401
0.185555
0.204525
0.167754
0.199681
0.185331
0.182967
0.168051
0.196304
0.167484
0.16974
0.183873
0.179152
0.167463
0.185687
0.166831
0.184638
0.194807
0.177485
0.164698
0.172911
0.168565
0.226405
0.310685
0.170929
0.171322
0.240389
0.32512
0.185266
0.184247
0.195823
0.181615
0.167441
0.178818
0.233933
0.178235
0.167056
0.177018
0.226349
0.16598
0.167514
0.178541
0.186464
0.168212
0.184491
0.184347
0.164157
0.166056
0.186523
0.167405
0.167194
0.187072
0.166519
0.172375
0.180675
0.169161
0.195304
0.196505
0.18674
0.16859
0.165783
0.189887
0.175662
0.184528
0.192623
0.166459
0.164562
0.165661
0.163497
0.197307
0.166099
0.22468
0.172215
0.164402
0.312871
0.171344
0.167166
0.202485
0.164154
0.165884
0.301494
0.180611
0.164239
0.183649
0.167316
0.163993
0.169107
0.170509
0.155787
0.155787
0.155787
0.168858
0.19498
0.178225
0.181146
0.20439
0.168072
0.169583
0.183652
0.163936
0.174647
0.154248
0.164396
0.163946
0.165633
0.164084
0.182161
0.167519
0.174902
0.164157
0.164938
0.205702
0.204561
0.163935
0.168277
0.163315
0.303852
0.165524
0.165642
0.179719
0.290508
0.164051
0.16513
0.164047
0.163946
0.180935
0.166606
0.178157
0.164013
0.191619
0.175934
0.173211
0.206003
0.225766
0.227026
0.246052
0.228985
2.292438
0.366508
0.20316
0.249979
0.177006
0.308971
0.1755
0.18244
0.214555
0.295095
0.233887
0.491232
0.206335
0.176917
0.249655
0.16275
0.345655
0.512341
0.285936
0.236935
0.251511
0.217043
0.194471
0.182365
0.181374
0.16275
0.24797
0.221348
0.200689
0.279755
0.223703
0.310928
0.261024
0.413405
0.205931
0.216513
0.200876
0.182573
0.17459
0.164848
0.181344
0.28611
0.188754
0.254138
0.15
0.25418
0.168246
0.180996
0.180408
0.166973
2.411843
0.183636
0.216248
0.439507
0.231286
0.199012
0.253534
0.158829
0.272985
0.246439
0.171929
0.19352
0.15
0.307813
0.306525
0.271127
0.228962
0.427781
0.4437
0.168702
0.257841
0.185564
0.15
0.177456
0.235795
0.180384
0.245915
0.30084
0.227567
0.15
0.182783
0.15
0.240036
0.233647
0.216817
0.281311
0.205638
0.222861
0.29981
0.337325
0.423324
0.287089
0.263484
0.164167
0.198862
0.198265
0.15
0.344666
0.202269
0.335989
0.392592
0.465967
0.233037
0.261654
0.260484
0.232252
0.264425
0.278123
0.182723
0.409672
0.268847
0.318696
0.166942
0.178954
0.26663
0.182278
0.233385
0.259733
0.180031
0.328856
0.214444
0.357813
0.202862
0.327903
0.205334
0.289926
0.209145
0.354586
0.284411
0.231738
0.223817
0.185818
0.217599
0.465967
0.247344
0.224327
0.254727
0.257953
0.198559
0.187447
0.199999
0.17014
0.171829
0.232119
0.196408
0.17128
0.224549
0.185756
0.254309
0.174593
0.278764
0.186104
0.187003
0.163834
0.179922
0.226036
0.229416
0.229405
0.173494
0.190013
0.170463
0.239273
0.186749
0.271846
0.216615
0.194988
0.2148
0.213301
0.205827
0.208721
0.183139
0.234076
0.227509
0.362573
0.260453
0.172426
0.175793
0.166805
0.206124
0.345622
0.241285
0.273477
0.167873
0.188184
0.219959
0.285658
0.165715
0.219621
0.167564
0.153498
0.172241
0.171551
0.218716
0.187768
0.164049
0.178616
0.187162
0.204965
0.166401
0.217191
0.175786
0.184308
0.163975
0.180835
0.17044
0.312175
0.185927
0.177872
0.250845
0.443202
0.176846
0.201391
0.184332
0.288677
0.167603
0.242905
0.188151
0.316194
0.21388
0.17117
0.194008
0.193264
0.209744
0.172825
0.156567
0.174686
0.166053
0.188334
0.168293
0.23335
0.187445
0.170844
0.217602
0.180343
0.168658
0.194382
0.169797
0.168904
0.169328
0.166285
0.167674
0.172132
0.165113
0.185238
0.178047
0.170249
0.163102
0.170701
0.167909
0.209437
0.234853
0.164114
0.168627
0.202886
0.191351
0.194928
0.167032
0.23762
0.166246
0.199002
0.210929
0.212088
0.21547
0.164037
0.200197
0.185916
0.152802
0.173697
0.168565
0.168043
0.168969
0.168819
0.165979
0.326005
0.168624
0.171322
0.192974
0.167289
0.17813
0.186105
0.164034
0.182502
0.170345
0.194779
0.182941
0.181069
0.18607
0.16986
0.160184
0.170312
0.18351
0.185236
0.172375
0.188106
0.178412
0.163935
0.167344
0.165264
0.165575
0.165575
0.1682
0.170549
0.18514
0.185838
0.166521
0.16537
0.166025
0.180591
0.164028
0.165661
0.180967
0.172921
0.181981
0.183922
0.176076
0.169652
0.16397
0.164196
0.164127
0.195108
0.183649
0.179418
0.178212
0.168047
0.17255
0.166055
0.155787
0.155787
0.169734
0.167653
0.168373
0.16709
0.165662
0.164157
0.164151
0.170751
0.163957
0.168938
0.194497
0.193263
0.164636
0.165237
0.164138
0.216271
0.163953
0.194862
0.178194
0.165693
0.179832
0.154248
0.166787
0.17657
0.163936
0.221971
0.175741
0.164153
0.281828
0.16407
0.165286
0.165368
0.411794
0.164157
0.178023
0.172132
0.163871
0.164184
0.175887
0.163934
0.164067
0.182507
0.183776
0.164051
0.210631
0.165272
0.165286
0.163935
0.168571
0.16556
0.165921
0.195717
2.184793
0.184576
0.272914
0.468257
0.218194
0.166196
0.197451
1.059809
0.205294
0.200866
0.192292
2.028315
2.96191
2.022109
2.152349
0.256303
0.247604
0.15
0.239343
0.292643
0.15
0.224703
0.190521
0.275729
0.242458
0.207752
0.165501
0.457211
0.177716
0.166802
0.228333
0.455528
0.15
0.845451
0.24065
0.16275
0.253641
0.216196
0.27412
0.289503
0.270997
0.182573
0.169438
0.472391
0.182415
0.15
0.277732
0.275535
0.215024
0.170895
0.167533
0.280316
0.294439
0.190807
0.342772
0.182163
0.260226
0.336357
0.216789
0.186455
0.18816
0.172761
0.19501
0.172501
0.30706
0.259932
0.255837
0.182622
0.16275
1.707579
0.164167
0.164167
0.35918
0.236411
0.262985
0.167975
0.1755
0.256674
0.314952
0.15
0.177853
0.267143
0.166466
0.16275
0.281817
0.207443
0.877075
0.269659
0.350876
0.468728
0.519154
0.199139
0.1862
0.285273
0.196255
0.217834
0.252006
0.178707
0.16918
0.341359
0.214518
0.191103
0.172371
0.204613
0.16275
0.259222
0.2775
0.166332
0.1649
0.188429
0.173511
0.25667
0.299834
0.186986
0.25354
0.196403
0.418241
0.260663
0.250844
0.308475
0.263357
0.363669
0.212358
0.332216
0.181887
0.257805
0.177842
0.492307
0.449519
0.368234
0.182152
0.199163
0.201976
0.373147
0.176481
0.200994
0.231785
0.163834
0.21978
0.339894
0.273038
0.252391
0.207917
0.169922
0.214577
0.194519
0.270351
0.203532
0.18833
0.168051
0.367635
0.367635
0.205264
0.387005
0.233875
0.209956
0.27207
0.237895
0.212914
0.171877
0.187835
0.273913
0.269955
0.316657
0.185516
0.199979
0.208324
0.198122
0.22216
0.293102
0.168721
0.233602
0.188876
0.221007
0.184944
0.168184
0.173274
0.202569
0.168804
0.215426
0.214826
0.221773
0.210828
0.186463
0.168878
0.305697
0.217549
0.230787
0.199765
0.305224
0.208244
0.225322
0.168112
0.191845
0.218703
0.165827
0.166123
0.295111
0.216237
0.204051
0.165903
0.208851
0.208876
0.209657
0.167735
0.296124
0.193373
0.205169
0.220789
0.190741
0.195542
0.193998
0.180602
0.313872
0.197762
0.313648
0.404698
0.211872
0.215615
0.196825
0.218859
0.248214
0.191476
0.167699
0.187014
0.158502
0.158502
0.186504
0.180663
0.193082
0.201702
0.308514
0.163975
0.192889
0.187703
0.220042
0.347549
0.169043
0.169043
0.232758
0.23301
0.212151
0.230379
0.225982
0.18464
0.173996
0.179289
0.215943
0.200269
0.20507
0.317175
0.190025
0.281706
0.278907
0.202837
0.168849
0.175091
0.319377
0.244899
0.195023
0.16533
0.215568
0.165514
0.234196
0.210612
0.16685
0.19072
0.215566
0.168893
0.182669
0.164296
0.19868
0.169189
0.170585
0.168311
0.197847
0.182145
0.181638
0.178225
0.209877
0.170249
0.170706
0.167705
0.168251
0.163102
0.165987
0.170379
0.165538
0.216825
0.202219
0.194731
0.166858
0.164114
0.169736
0.158829
0.189421
0.195456
0.189503
0.156964
0.182864
0.190148
0.344664
0.219724
0.18025
0.175648
0.164037
0.164037
0.187633
0.164387
0.16916
0.175316
0.175316
0.16599
0.184173
0.168969
0.164263
0.232157
0.182388
0.167337
0.229669
0.188816
0.197492
0.163981
0.17696
0.193351
0.376242
0.167439
0.187307
0.164603
0.164238
0.201918
0.164567
0.252051
0.167011
0.218427
0.572491
0.178883
0.169089
0.189437
0.197422
0.172375
0.167095
0.181299
0.200642
0.180062
0.227941
0.165573
0.169556
0.169556
0.165575
0.1682
0.166231
0.165701
0.165694
0.169796
0.153715
0.153715
0.188879
0.166521
0.176408
0.166946
0.167026
0.186493
0.195088
0.18336
0.22468
0.166481
0.172482
0.292387
0.164039
0.16702
0.179837
0.165627
0.1657
0.165611
0.243725
0.167467
0.165387
0.166171
0.230383
0.178542
0.163975
0.163975
0.190709
0.16442
0.170751
0.165132
0.291871
0.178555
0.266582
0.163959
0.177887
0.194688
0.184539
0.195941
0.166508
0.353973
0.17939
0.165534
0.174647
0.180277
0.154248
0.154248
0.154248
0.179819
0.166548
0.165633
0.16406
0.16407
0.17969
0.30141
0.291378
0.185016
0.156648
0.156648
0.163871
0.165362
0.166712
0.165304
0.16395
0.165517
0.164631
0.165263
0.164051
0.164741
0.164047
0.165272
0.166994
0.187078
0.163934
0.165518
0.16538
0.1673
0.168592
0.209383
0.275128
0.15
0.196008
0.224333
0.16275
0.194425
0.186297
0.241676
0.167718
0.176696
0.214159
0.224273
0.181646
0.194066
0.260723
0.175231
0.487256
0.228794
0.257057
0.339347
0.180074
0.210612
0.169499
0.265838
0.354893
1.833768
0.551027
0.429334
0.382614
0.298526
0.15
0.16275
0.310743
0.269964
1.425171
0.22437
0.168972
0.165811
0.170111
0.199077
0.182573
0.383271
0.380025
0.422325
0.168303
0.386972
0.257464
0.250828
0.302398
0.53499
0.18503
0.236912
0.488914
0.255206
0.1755
0.177112
0.218037
2.471303
0.168565
0.252823
0.314369
0.221913
0.16275
0.220572
0.170464
0.22826
0.186212
0.268345
0.231537
0.255138
0.25554
0.15
0.185968
0.27051
0.242827
0.296788
0.15
0.177653
0.180388
0.357606
0.15
0.259081
0.236871
0.273817
0.282731
0.224484
0.287795
0.164167
0.2227
0.176695
0.206644
0.209968
0.176405
0.167735
0.198342
0.203508
0.315644
0.335824
0.197166
0.169808
0.284319
0.165304
0.317596
0.217574
0.327551
0.225584
0.27237
0.318723
0.222014
0.191723
0.168092
0.272295
0.276017
0.204852
0.187928
0.205329
0.216956
0.283028
0.3809
0.184335
0.229264
0.185443
0.169428
0.213399
0.216941
0.240005
0.18833
0.390021
0.473814
0.19545
0.24655
0.167307
0.416525
0.290524
0.260968
0.18009
0.177682
0.174577
0.174577
0.290419
0.17014
0.199612
0.226307
0.169422
0.168533
0.18478
0.168721
0.245228
0.251469
0.235058
0.381267
0.179457
0.216195
0.229107
0.216669
0.214503
0.294505
0.235468
0.358187
0.21744
0.191846
0.210456
0.168543
0.420135
0.224353
0.321808
0.261741
0.239268
0.163834
0.175221
0.194321
0.231515
0.223083
0.185743
0.178566
0.164034
0.282147
0.154137
0.234422
0.185603
0.326074
0.188435
0.185906
0.167392
0.207072
0.183201
0.1673
0.271986
0.221648
0.198425
0.167151
0.225657
0.23223
0.220983
0.18057
0.222658
0.208381
0.214582
0.195998
0.189711
0.198009
0.158502
0.158502
0.158502
0.171913
0.166304
0.168839
0.268756
0.315856
0.167801
0.201849
0.177872
0.213674
0.18524
0.170245
0.167397
0.169318
0.175901
0.180825
0.173449
0.167201
0.279781
0.201447
0.2017
0.200579
0.179646
0.191482
0.178728
0.189967
0.169201
0.180343
0.169213
0.168804
0.164725
0.176324
0.201604
0.188126
0.185814
0.169429
0.163503
0.180741
0.174372
0.168251
0.167056
0.182053
0.169322
0.326119
0.168627
0.182109
0.214006
0.309493
0.158829
0.169789
0.197134
0.18025
0.166053
0.203009
0.16937
0.228119
0.21071
0.203978
0.172068
0.210064
0.167337
0.233342
0.205175
0.166087
0.198815
0.166214
0.164034
0.278878
0.157131
0.164182
0.197683
0.179668
0.426068
0.178671
0.226349
0.169345
0.164167
0.167316
0.166817
0.211077
0.199454
0.180192
0.166056
0.169747
0.186523
0.168859
0.244328
0.164347
0.182014
0.179291
0.16859
0.185069
0.165694
0.166525
0.242368
0.201063
0.165731
0.163938
0.170309
0.201607
0.166481
0.167163
0.154714
0.168566
0.164196
0.193661
0.208726
0.199653
0.182254
0.185071
0.196457
0.20999
0.182826
0.164154
0.201634
0.212617
0.166171
0.181337
0.167742
0.167213
0.179386
0.179121
0.21021
0.165429
0.174713
0.175103
0.262638
0.183716
0.165247
0.182743
0.166427
0.166327
0.154248
0.154248
0.166041
0.178341
0.165487
0.163183
0.166449
0.304554
0.178027
0.178199
0.194301
0.167519
0.165324
0.164157
0.164114
0.166908
0.179562
0.164049
0.166712
0.179687
0.163956
0.164067
0.165272
0.163935
0.165631
0.167654
0.165732
0.165732
0.165732
0.163934
0.165642
0.189768
0.233759
0.306421
0.205173
0.256265
0.16275
0.235911
0.170387
0.185671
0.188438
0.16275
0.295841
0.225253
0.180275
0.165507
0.180043
0.216822
0.313095
0.439501
0.220024
0.225266
0.16275
0.523006
0.251804
0.205813
0.183602
0.225856
0.582297
0.242893
0.169341
0.163934
0.245485
0.16275
0.166417
0.254649
0.261347
0.195962
0.16275
0.168972
0.165811
0.192121
0.239002
0.32781
0.214246
0.364849
0.377599
0.226222
0.254911
0.179715
0.229211
0.183718
0.242405
0.191882
0.16275
0.425758
0.194513
0.163934
0.241267
0.197317
0.360061
0.230143
0.199435
0.168565
0.205804
0.173279
0.168565
0.209301
0.181654
0.218608
0.207
0.197714
0.235269
0.181035
0.230898
0.170464
0.226708
0.167975
0.23497
0.177667
0.332859
0.269455
0.242849
0.214383
0.221974
0.16275
0.319372
0.252428
0.226678
0.176751
0.16275
0.165333
0.183739
0.165101
0.178275
0.400093
0.4158
0.318138
0.164094
0.384399
0.274684
0.237249
0.249937
0.500115
0.192995
0.286832
0.180428
0.185776
0.232221
0.216488
0.211397
0.170628
0.261777
0.207847
0.28953
0.379687
0.165304
0.169063
0.222024
0.202243
0.236233
0.214593
0.208719
0.743912
0.459545
0.209095
0.405481
0.202414
0.264521
0.394657
0.220473
0.180842
0.181427
0.243967
0.170712
0.290291
0.61021
0.18715
0.285581
0.178808
0.300153
0.212734
0.206991
0.168051
0.416423
0.234966
0.211859
0.21639
0.215476
0.389141
0.175027
0.260213
0.195175
0.172097
0.200434
0.165994
0.171568
0.211777
0.164685
0.197526
0.197526
0.260178
0.199185
0.22899
0.268083
0.208892
0.250103
0.163834
0.209154
0.733402
0.210518
0.298655
0.188854
0.185313
0.245096
0.189156
0.217743
0.199751
0.177801
0.232819
0.294533
0.224333
0.187398
0.270107
0.190133
0.173206
0.568109
0.174972
0.200659
0.239753
0.168943
0.182805
0.241738
0.167392
0.167392
0.239271
0.300151
0.229915
0.174463
0.174145
0.262415
0.179855
0.200373
0.239882
0.420284
0.224621
0.206417
0.223571
0.255301
0.238822
0.457263
0.245547
0.168075
0.202405
0.222528
0.21457
0.165925
0.237356
0.187014
0.176462
0.168871
0.172915
0.221856
0.187704
0.241993
0.186152
0.177502
0.192546
0.18723
0.172262
0.222714
0.247968
0.225158
0.168447
0.210007
0.252263
0.192833
0.201076
0.208379
0.198827
0.173486
0.169089
0.179084
0.203395
0.190025
0.20334
0.25851
0.243644
0.266194
0.237738
0.177352
0.165103
0.166053
0.203878
0.178496
0.186324
0.168452
0.200664
0.231649
0.227588
0.204619
0.18687
0.178701
0.185874
0.168643
0.174411
0.321042
0.220182
0.166161
0.233651
0.167056
0.39423
0.191024
0.169926
0.208876
0.180816
0.194338
0.164114
0.181004
0.336659
0.187939
0.158829
0.183211
0.183238
0.167389
0.178536
0.180425
0.320539
0.164037
0.16937
0.245503
0.197804
0.152802
0.169629
0.20637
0.167867
0.171625
0.172068
0.197776
0.171322
0.185276
0.181102
0.170647
0.17696
0.213011
0.175673
0.194025
0.195712
0.266697
0.169699
0.172389
0.19732
0.197499
0.166198
0.167596
0.176253
0.173961
0.191055
0.163898
0.260271
0.203775
0.170312
0.178023
0.163935
0.166614
0.246065
0.180157
0.165176
0.153715
0.317259
0.165138
0.169446
0.164035
0.166099
0.165594
0.171287
0.168566
0.164039
0.165504
0.1833
0.189882
0.185715
0.165682
0.163948
0.167103
0.168774
0.167286
0.180301
0.1657
0.165171
0.164037
0.209578
0.155787
0.155787
0.196032
0.165662
0.169098
0.165132
0.163974
0.181797
0.181023
0.186197
0.165119
0.184306
0.16985
0.164343
0.292347
0.165414
0.164258
0.179165
0.163934
0.170983
0.154248
0.154248
0.164396
0.172324
0.164231
0.180724
0.174902
0.17811
0.164114
0.165497
0.164294
0.172132
0.163935
0.168277
0.173421
0.167584
0.290673
0.165263
0.164137
0.164829
0.165502
0.18063
0.18063
0.181464
0.290492
0.16394
0.165619
0.164057
0.165286
0.169605