3699.19
4053.15
5370.39
3665.08
3092.74
4326.59
5548.62
5245.74
2783.04
3535.42
2296.91
3443.43
2950.41
4070.59
4957.31
3730.41
4739.17
3523.82
5099.45
7655.92
3605.76
2007.67
5860.3
2491.19
2826
2736.24
2988.29
3604.11
3912.97
3797.24
4105.87
2570.52
7158.34
3546.94
7557
1638.34
4530.75
8650.65
5740.07
4678.3
2680.05
3638.3
4730.35
4580.97
2780.79
4138.84
3253.11
4453.52
5220.27
5279.38
3534.68
5599.24
6133.68
4283.8
2933.3
3054.28
7790.94
2794.7
3454.83
5095.74
6145.99
5482.96
3829.97
3175.91
2841.48
3155.71
5561.84
8606.02
7615.47
3901.98
2741.12
4726.11
2207.88
3187.92
4460.32
1781.36
4671.39
2064.48
1979.69
4691.78
5195.49
5355.95
2956.25
5601.59
3939.5
2237.9
3233.23
3023.08
4102.93
2320.7
2789.11
4057.98
6151.84
4558.12
7768.41
5410.14
8498.47
5269.45
8899.37
6291.22
4989.38
4561.68
6967.23
3717.08
4003.8
3074.96
6075.39
3719.63
2974.15
3524.09
2162.42
4565.84
2958.2
4193.84
5561.51
4253.62
4638.41
3846.16
6382.46
4702.58
4601.18
6373.79
3835.23
5325.21
3640.06
3191.09
4346.48
6391.6
5280.35
6532.87
3251.11
5221.77
1786.41
3473.65
3752.47
4034.89
3104.32
5200.07
3560.13
3125.9
4506.6
3434.7
4941.25
3635.88
4307.04
1030.63
3420.98
6551.5
7904.69
5842
6184.68
3777.6
3785.76
3348.08
2443.3
3651.39
4647.87
3318.28
5224.16
3182.35
8515.25
6647.79
3959.53
3144.76
3451.95
4406.25
2824.27
2743.97
3129.12
4306.97
5675.01
3022.7
2836.1
6458.05
4142.17
3761.78
4296.63
4055.88
3284.97
3678.82
5069.36
3141.89
4375.89
3325.06
5355.92
3110.87
4460.14
3274.44
3060.89
4503.1
2522.19
3084.7
3094.72
5566.93
4452.34
4107.37
4123.57
1117.39
4684.84
915.715
6132.16
4681.35
2157.62
2507.81
3827.75
2216.83
3812.43
3394.22
5871.46
5562.44
2841.95
3333.68
3550.46
3562.12
2877.49
4737.64
2414.57
4481.21
3613.14
4348.18
5448.03
3760.06
2881.8
4772.17
5851.46
7643.54
3028.05
2895.09
7960.46
3417.66
3068.48
1557.97
4478.77
3594.12
3168.13
6880.49
2707.29
5096.73
2729.51
2593.65
4829.59
3128.71
3575.01
3082.01
6738.95
5198.72
7621.8
3672.25
3449.2
3930.95
5511.21
7875.16
4166.33
4818.33
4771.43
2859.83
6092.97
4671.08
3999.13
4350.75
4530.28
7405.11
2602.43
5679.66
4334.26
4852.31
3078.26
4448.31
4426.68
2967.27
3697.64
4077.09
5009.75
3047.98
5740.38
1878.78
6252.42
4932.46
2681.98
2480.24
1586.06
4988.1
2555.35
3227.76
3573.54
4017.52
3803.67
6030.87
3963.35
2608.93
6925.98
5231.33
5260.27
4686.17
3220.2
4402.6
2608.46
5649.49
5300.03
2663.97
3638.83
4965.13
2445.52
3386.72
4699.92
7625.76
3268.14
7279.96
3734.02
2004.76
2438.92
4110.63
5135.14
4546.8
3242.6
2075.8
4126.85
3153.61
5334.58
5730.44
4082.34
4708.98
2589.21
2953.35
1584.54
6624.26
5320.73
4488.58
3198.6
3740.17
5516.08
3382.67
5325.54
2799.71
3777.56
3695.04
2188.62
3605.98
2083.68
5425.93
6034.95
3680.58
1598.14
3160.42
4897.1
5193.43
2435.62
2612.26
3710.28
3038.79
3765.53
3448.49
4058.21
4352.87
3311.77
5532.6
2472.46
2433.86
6690.78
1600.68
2987.57
5145.52
4088.49
3416.3
3410.58
5152.6
3785.25
5188.36
6070.05
6091.63
4309.57
5760.89
4868.11
2172.72
2933.12
5170.77
5521.52
4460.17
4088.89
2627.65
3559.49
3174.85
6262.75
4824.37
8035.25
4220.46
3097.08
4722.9
3290.85
4281.58
1317.51
4232.93
4326.76
4500.61
3718.81
2590.94
2821.11
3557
2643.69
3394.08
3744.34
3694.67
4524.06
3848.9
4618.05
4231.5
3531.6
3404.99
5068.88
3807.69
5111.41
3774.99
10061
4451.25
4329.8
5413.25
3591.12
5701.63
2678
3801.8
3128.27
3525.15
3106.16
4084.55
5727.45
4775.04
3004.62
4013.22
3602.72
6793.76
5943.16
4233.58
4570.48
4644.87
2235.25
4683.06
4189.77
2547.61
2510.18
4417.67
4228.57
3217.26
2853.39
5251.29
5021.81
5620.3
4757.54
4813.93
4898.37
1663
3799.81
5300.63
4277.71
4058.07
4032.73
3500.82
4082.04
6058.06
4097.91
3139.06
4205.99
2196.84
2918.9
4449.62
5107.88
4105.88
3242.33
2029.81
2023.02
4832.68
2827.41
4268.98
3708.74
4488.13
4191.29
2494.62
3751.75
5384.4
4432.78
2581.97
3395.99
2402
2472.51
4926.77
6844.06
4304.49
3937.47
7404.08
3504.42
5902.89
4954.31
3373.65
3609
3840.75
3394.16
3692.13
2473.53
7279.68
7383.21
2703.87
3411.37
2512.35
5031.58
5401.37
2726.14
2829.34
4449.06
5725.99
5032.42
4495.4
2911.92
5023.9
4815.69
2667.67
2664.33
3033.38
3702.84
6741.14
5117.21
2936.63
4257.7
2870.98
3000.67
4019.71
2345.64
4399.88
3527.27
2896.7
2723.99
2855.45
6245.36
3582.43
3016.19
2509.12
3234.52
4344.49
3357.31
2394.63
2844
6104.83
3477.97
4810.95
4080.16
2637.4
4211.14
3480.17
8241.4
2963.24
7955.54
6083.2
2977.46
3955.46
5070.43
6160.3
3582.82
3763.91
5517.53
1479.86
7579.59
3165.41
1889.03
3461.71
4096.1
2810.21
3220.3
2209.77
4191.79
4074.93
3351.55
2645.03
4410.15
1726.07
4336.06
5462.63
3220.88
2955
4239.26
6099.02
3445.75
4080.04
2229.97
4401.99
2960.43
3138.8
4343.14
4642.51
3627.67
3850.73
5427.7
5408.17
7806.65
3860.48
3475.63
3280.57
9572.37
3309.4
5660.83
3270.23
2747.49
5544.71
4626.14
1574.98
2253.31
2438.85
3618.6
3609.57
6114.94
4720.23
5339.33
2095.19
1954.02
8190.52
4621.41
4979.43
4691.28
5394.82
5267.55
2010.09
3779.49
2394.85
5487.54
2931.21
4359.33
4538.72
5479.88
7004.02
2032.7
1124.52
3684.98
6294.57
2401.26
4074.15
2676.16
5394.44
3592.95
5137.65
3764.06
2443.17
3020.16
6932.07
2989.41
5123.06
3797.58
7001.7
2491.65
7679.91
5215.19
781.467
5831.9
6583.9
2879.03
3806.94
4229.51
4734.82
3319.68
2657.62
4270.49
5056.65
2743.19
6531.11
3478.24
4827.28
3309.96
2566.85
4696.56
2294.33
3153.43
5297.65
9754.55
3462.54
4186.15
2672.27
2343.62
9831.14
4531.23
2032.77
5985.69
8153.77
3394.83
4413.17
2497.52
1523.04
5472.43
2163.25
2857.26
5378.28
2615.25
4516.68
4917.68
4125.75
2334.81
2494.57
3201.69
2998.51
3976.45
2382.66
3056.67
3586.48
6901.35
4358.92
3683.94
2328.97
3466.83
3549.08
4460.66
10422.5
5842.55
6321.67
3292.72
2600.08
3578.65
3713.44
2493.11
4878.54
3717.49
2111.3
3979.56
4252.04
2874.64
3440.42
4439.58
2288.81
2968.8
2632.6
3043.71
5189.05
3795.34
1513.28
2732.31
3614.98
4273.08
2947.28
2436.09
2897.89
2314.94
2943.61
3285.61
4332
4980.36
7189.04
7285.12
3596.34
3788.73
3565.28
8629.86
4377.58
4654.72
2785.57
2656.1
4474.19
6160.79
4452.95
2276.51
3407.92
4097.25
4157.06
2786.33
8403.49
4003.61
4210.68
5220.44
3890.54
4123.32
3000.28
2765.64
1853.89
6831.59
4145.31
3853.6
1343.2
4047.69
4078.17
4019.52
3215.18
5393.52
3717.81
3868.93
1290.58
1884.54
706.845
2191.91
4547.72
4809.91
4959.75
3697.61
3189.01
7035.72
5173.09
6626.13
2092.27
3603.84
3281.48
5044.39
4551.45
3557.96
1783.58
4500.2
5776.68
3319.44
3411.01
1980.65
6330.33
5330.17
4848.95
4667.74
2067.61
5550.37
1902.63
5545.97
4887.49
3129.85
3535.41
4598.86
2546.38
2452.19
4860.78
1248.97
5569.28
2184.43
5043.02
3063.12
8139.93
2427.54
7104.84
2715.6
5074.19
3571.77
4661.62
5890.59
4735.52
2287.98
4965.18
7191.39
3959.66
2002.23
3813.3
2877.63
5814.72
3720.17
3823.68
4480.84
3935.24
3301.74
5094.61
4202.58
4308.12
3152.34
2795.45
4612.78
7930.9
3269.21
3223.32
2967.34
2849.78
4136.76
5249.88
3411.09
9217.99
5938.31
5169.21
6917.13
5834.87
4733.8
5302.34
4365.96
4279.03
3755.9
4494.07
5010.26
3170.12
1141.84
5281.36
4250.36
4887.09
3103.35
5741.63
5309.45
3875.91
3016.93
5211.51
3473.18
8288.08
5595.16
4738.6
2936.9
4977.76
3777.84
2919.82
3250.12
3475.97
5989.4
1760.77
4668.48
2634.07
3043.12
6216.19
2628.7
2181.89
3572.86
4380.7
4259.67
3106.82
2056.41
3093.6
3603.76
2330
3048.13
4499.19
3352.99
4204.04
3703.87
2395.23
6267.87
4286.13
501.392
4961.83
3034.23
4155.15
4372.9
6305.02
2890.95
3322.41
6335.86
2198.94
4301.43
4593.58
3488.78
8514.52
4067.69
3476.12
3841.36
1936.56
6296.11
3201.22
7240.45
2590.97
1561.34
2488.93
4467.6
5952.52
2884.12
2779.03
3422.74
3116
2542.97
5106.91
1220.31
5029.27
5758.03
3954.8
4256.9
6189.85
5400.16
3299.04
4974.54
4709.18
4245.13
2650.66
1768.35
4108.93
3144.74
4747.51
4095.61
3968.52
3114.4
2628.33
3369.01
3934.81
2722.58
4236.08
7843.3
2955.41
6124.35
3367.9
2947.02
4036.78
2286.59
4230.26
3521.48
5099.82
3254.37
3010.34
3258.49
7683.75
1801.82
5929.99
4369.05
3504.06
5837.99
4753.28
1474.49
4812.94
5022.37
4713.81
6122.46
2869.44
1539.28
6328.65
2219.78