6943.36
2391.98
2697.11
10320.6
4185.12
3182.16
3036.75
3467.57
4912.98
4224.21
4142.53
4267.8
4292.7
2953.27
4917.65
1760.39
4816.31
4663.55
3472.14
2952.7
3370.53
2609.4
4510.28
4692.19
6671.77
2878.09
4162.93
3858.24
3493.33
3198.54
3819.59
3036.29
6177.69
7068.65
3530.99
3258.58
3596.33
2551.46
2937.66
3219.43
3066.99
4365.87
4962.25
4577.34
4425.06
6874.82
2410.25
2592.14
2098.07
4020.3
3513.5
3454.72
5673.93
3312.38
2942.18
2991.21
2812.67
3336.35
3337.98
2330.16
4743.25
3439.64
3323.17
3328.72
3794.18
3802.98
4259.79
6137.47
1761.18
3872.67
1990.03
4402.82
2908.63
6152.41
3015.59
8049.75
4038.31
4908.27
3455.22
4794.7
3811.08
4000.67
2621.96
4758.25
4604.55
4933.84
2860.29
4597.84
3693.35
5531.74
4742.43
3092.65
2111.25
2463.85
4941.25
2252.27
3519.64
3746.19
3414.31
4075.39
3465.07
4399.68
3867.98
3443.32
4405.28
3860.82
4491.1
3358.01
3227.89
3144.3
3441.61
4640.04
2849.79
3297.41
5399.38
2345.81
2760.5
3152.93
2793.69
1881.11
2447.65
3888.03
4806.31
2259.51
3579.54
4818.83
3949.35
2841.78
3120.92
1964.05
3057.78
3739.78
5654.78
4991.37
2848.15
4097.98
2959.73
3614.77
3371.26
4389.15
3999.1
4257.73
4314.7
4034.73
3987.81
2649.48
2285.77
3026.51
3659.25
2978.8
3636.7
6412.6
4635.97
3495.35
5380.04
3956.5
3159.74
3818.8
1962.8
6011.83
4110.24
3644.72
4977.67
2891.25
2480.99
3633.33
3013.89
1986.06
5710.39
4429.83
3352.5
3657.54
3316.65
4898.99
3188.95
2940.1
3853.98
7126.91
3905.6
6570.27
7367.83
4946.46
2567.27
3437.05
3417.51
5460.86
2743.44
4167.42
2529.98
6106.86
2793.67
4539.96
3664.7
5070.34
3412.75
3236.6
3553.07
2088.14
3411.74
6237.32
3260.26
3375.49
3871.47
7242.07
4413.7
4501.83
7033.27
5473.03
2803.31
2964.57
4004.4
3687.71
3698.75
5491.05
4689.63
2655.84
4244.04
3658.6
3897.78
1831.59
4515.91
2950.83
3330.82
3767.68
4744.81
3338.25
3597.22
4157.14
6017.93
6131.72
3293.75
3659.55
3248.01
4512.02
1887.61
3145.77
6704.93
4474.69
2441.2
3324.35
5160.41
1984.84
2922.34
5613.16
7305.29
5307.23
4000.35
6951.6
4311.35
2792.57
1485.55
5123.93
1838.94
3176.46
3768.84
5563.14
3293.4
3837.74
3251.67
3774.38
3678.43
3319.64
7286.73
3269.48
1777.37
5196.96
6754.96
2622.04
1767.95
6023.74
7601.83
2591.43
4581.2
2936.3
3102.26
1834.21
4168.15
4718.2
4110.95
7043.44
4124.97
5068.95
3985.51
2738.03
4077.38
3404.99
5467.31
3510.91
9081.46
3564.88
3617.33
3690.27
3613.42
3926.39
5599.36
4285.59
8531.34
5760.14
4170.57
2853.86
6679.52
2983.31
6482.27
3008.8
4046.61
2878.29
1973.11
3800.25
1622.76
8107.63
1282.77
3222.55
2173.37
4212.53
5908.6
3369.84
5775.62
4237.99
2452.35
2920.94
4551.14
1998.39
4961.12
3072.06
2841.55
2727.18
3540.1
3523.77
2441.34
5535.86
3521.92
2285.65
3327.38
3665.16
3399.72
2072.9
2935.31
3767.11
3362.35
2667.96
4963.12
6036.88
1532.48
3007.25
4244.61
3666.81
4602.07
8578.73
2502.07
3542.38
3017.16
4007.95
3777.41
3650.93
4441.37
3456.86
2582.31
5553.8
6248.09
5857.62
4718.86
2651.22
6179.29
4088.53
3302.92
2902.93
5544.29
2436.56
2718.36
3293.66
4240.42
1927.68
3500.12
4322.56
3608.83
2763.14
2093.61
3727.52
3065.87
1933.46
2980.54
626.134
7099.76
4884.01
3461.72
5028.53
2710.47
2585.32
785.113
3019.15
3712.74
5387.32
5478.94
4170.85
3316.93
4236.61
3205.75
2156.9
3317.03
2810.01
4460.35
3958.73
4922.19
3492.49
4751.68
3231.7
2807.06
2859.92
5433.73
4187.35
3910.63
3488.8
3354.98
6546.15
2707.65
4245.88
4080.74
3591.03
3106.62
1230.75
4264.44
3279.05
4250.87
5914.24
4343.45
2977.05
4333.63
3371.83
3972.35
1892.17
2204.8
2337.77
2956.07
2308.31
3626.92
3364.52
4476.11
3050.51
2793.03
3021.29
6428.35
7605.01
3321.02
7850
3663.06
2620.86
2442.94
3217.87
4550.1
4556.45
6939.55
2185.58
3336.77
2367.82
4913.5
2158.76
2913.18
4648
3934.17
2381.95
3783.02
1962.52
2755.49
4661.97
5133.64
3760.29
2879.21
5857.24
2944.33
3046.97
3879.32
4674.53
3887.27
8090.92
2540.78
1695.81
2585.64
4787.91
4552.1
1783.38
4609.4
7590.31
6020.34
4396.06
3152.18
5081.07
5219.49
4102.64
6455.47
6242.41
2371.16
2134.47
3565.24
3560.37
4704.29
4721.82
2710.98
2759.06
3475.69
5771.72
3047.09
4982.69
5196.35
2761.62
3905.01
3164.42
3107.41
1311.86
3781.75
2440.11
3030.55
3722.39
3395.07
4858.76
1549.41
3066.52
1800.33
3367.13
3219.08
3968.14
2569.77
4656.15
3567.89
3191.27
5072.21
5460.45
4032.73
4786.74
3892.66
4706.07
4961.14
6396.47
4463.95
4501.75
5014.42
2484.45
4190.54
8816.3
1725.73
4245.96
2154.2
3033.31
3897.36
2513.95
3984.21
2290.1
6941.71
1582.27
6248.8
3055.49
2853.58
4158.4
3446.66
4123.57
3292.96
3310.92
4749.27
4358.62
3220.38
5147.47
2747.09
3654.07
3216.37
4335.25
3195.71
2679.15
2856.78
4441.13
4414.14
4630.22
1485.85
2579.39
4046.47
2255.48
4575.94
1827.48
4405.63
4225
5449.68
2459.54
3458.98
3947.38
6865.19
4179.75
5014.19
5211.64
3316.43
3873.72
3944.62
4043.6
4856.72
5555.77
4632.7
2236.1
3144.57
5771.38
4846.07
3036.12
2996.64
3507
3256.61
3965.38
2673.59
5895.76
4966.34
8982.5
3390.94
2866.99
2558.31
4879.98
5397.29
3553.4
5018.81
7644.95
3250.67
3072.24
2919.64
4506.98
3912.17
5570.61
3408.44
4179.85
3603.22
4035.45
4024.35
3626.67
2546.72
2404.68
4246.42
4881.81
3175.1
1642.37
5762.08
4334.85
4532.32
5937.36
2816.1
7761.34
3506.13
3684.15
5026.47
3442.69
3874.31
9686.73
3281.82
1357.57
2826.48
3827.37
3485.28
2584.25
4001.55
2678.64
4432.95
5812.02
4885.78
4310.01
4738.7
3218.78
5163.85
7642.5
4134.84
3716.11
2018.92
1637.38
4617.71
3266.45
5498.12
4604.01
3799.18
3862.96
2973.16
3078.7
2992.57
4086.8
3672.89
3799.21
1577.08
3298.03
3209.41
4250.94
4155
2704.51
3323.69
6020.73
5040.52
3063.95
2074.19
1523.77
3928.11
2321.97
5699.83
1011.56
2301.82
4627.73
6860.42
4431.12
2871.35
4507.59
5067.38
5835.67
2375.6
4251.26
4121.3
5379.96
3940.65
4069.57
2275.31
2122.9
5890.3
3862.1
3663.61
3479.02
3006.41
3816.24
4681.23
1305.69
4783.59
2650.5
4192.16
2508.56
4933.02
4996.23
5358.57
3762.57
3005.61
3625.85
5450.75
6877.89
4069.3
3298.35
2414.49
3676.17
2588.47
4117.87
2966.6
1489.56
3522.01
6075.73
5479.54
4921.55
2005.46
4190.61
5788.19
3335.69
3014.73
5219.68
5786.88
1925.43
3731.17
4039.83
2099.39
3128.74
2771.22
6343.01
3670.79
4538.96
5022.94
2922.39
2962
2516.81
3453.78
3956.94
3739.06
4057.67
3457.98
3090.39
3821.38
5273.5
6505.2
3375.62
2803.73
5577.44
11297.1
4879.79
3672.39
4518.7
5781.49
2741.7
1922.76
5803.07
3609.99
5634.14
2163.42
3922.49
2136.62
2662.16
4383.81
2028.8
3867.43
5967.05
1665.36
3892.32
3433.84
4822.8
5330.5
4363.91
3578.24
4726.23
2032.5
2823.39
1753.83
5755.21
3048.59
3797.81
4210.58
3220.89
8928.83
5080.72
3121.52
3119.29
3923.2
5085.43
2600.44
5485.86
1839.24
5779.88
1180.25
5495.88
4947.08
5233.32
2944.25
4494.47
6032.32
4885.6
3881.43
4093.66
4332.25
2269.37
4525.77
2603.99
4707.11
2794.29
5396.28
3103.92
2380.1
4180.97
2561.08
4592.89
2653.82
3245.56
8049.27
5485.41
4040.44
5395.9
3654.12
4769.91
5444.15
2758.7
4493.04
5435.22
7041.01
4057.05
3135.73
4180.24
4326.58
4948.7
2814.53
3936.66
5960.54
3016.31
4308.09
5212.74
3648.74
4190.79
3885.08
5206.93
3120.48
4025.65
3431.16
1214.76
2691.41
5136.73
4083.11
2748.61
2781.59
3680.63
6463.24
2469.67
3736.32
2215.16
2417.2
3489.26
3367.63
5294.05
4015.39
2129.52
3727.67
2877.6
3336.71
4422.05
4813.46
4699.8
2058.57
5549.55
4056.22
2826.08
6312.73
3104.93
4644.55
5785.28
4321.96
2119.68
3963.39
3895.7
3244.93
2933.2
2296.8
1600.97
6571.06
4067.16
3471.87
3091.42
3586.71
2885.53
5460.04
2029.68
7597.49
2994.57
3574.69
7532.39
3514.99
3699.95
2821.7
4320.22
3783.43
3642.31
3865.72
4221.16
3960.13
2491.19
3939.23
5898.15
1411.41
8400.22
4040.62
4726.8
3073.23
3883.06
4518.18
4351.81
3530.92
2404.38
5496.12
4710
4015.76
3403.91
4256.7
5732.31
3066.85
3446.22
3841.39
4819.13
2284.22
4751.09
3204.71
2529.66
4048.92
4499.94
4399.72
2610.54
3346.91
6504.48
3246.14
2181.51
5759.58
5903.61
1600.45
5812.09
3360.86
2723.8
5277.09
2077.16
4147.91
3923.7
4706.86
6227.4
1727.11
3498.22
4676.45
4692.22
3089.35
2431.46
2944.15
4416.59
5946.76
2522.93
5685.72
5423.85
3611.85
4050.93
5760.83
3742.12
5838.33
4719.87
4438.93
3697.11
2402.27
4703.84
3279.95
1322.9
3245.19
2263.37
3582.85
2720.85
1035.93
1926.44
3800.44
3513.51
3915.71
4747.26
5067.41
2369.03
2277.07
7280.87
4219.31
3563.01
3201.01
4719.14
4563.59
4308.99
2659.85
3048.69
3534.35
4541.29
2875.38
4387.69
4394.6
3289.07
4500.88
3609.42
2997.53
4003.39
3698.09
4068.98
4433.15
4240.42
8440.43
2764.97
1368
4922.62
2680.15
4629.28
3767.37
4444.35
5178.7
3784.72
6321.86
3732.13
5350.93
3551.58
2512.95
2494.15
3792.79
5268.3
2165.54
1697.83
4141.3
4123.79
6218.61
5449.38
4539.28
5884.33
1344.42
6065.33
2596.77
1954.76
3184.09
3202.61
3500.15
3630.16
7043.62
6052.44
2065.8
2981.74
3378.81
4728.72
2979.37
2129.75
4153.08
3529.43
5419.05
2756.52
4161.88
1695.96
3863.76
6013.76
3805.72
1444.11
2560.69
5457.73
3417.44
3078.07
3474.33
2863.98
5554.41
2010.82
2325.34
3301.99
2369.95
5926.24
4380.08
7425.55
1246.06
3193.15
4237.57
3380.64
2769.99
3037.19
3242.11
4575.25
5703.67
4713.74
351.797
3829.53
4264.63
4114.64
10574
3184.91
4962.36
4251.88
3423.19
4178.69
4938.46
4813.79
5202.66
5708.03
4376.58
5920.77
3339.21
3036.52
7117.54
4528.26
3586.4
3841.3
5810.47
3535.35
3223.6
6343.11
4172.21
3534.87
3259.14
2632.51
5127.82
3600.64
2119.73
3821.3
2778.13
3231.59
1830.62
4527.59
5160.21
2697.15
5397.03
4376.24
3712.16
2260.99
1796.57
1619.64
5641.09
4663.53
1894.49
2120.27
2881.57
2646.8
5695.61
6410.12
6325.29
3459.42
2827.29
3617.12
4919.91
7018.95
2359.29
3011.56
3814.16
5451.48
4023.37
4173.25
5180.37
3144.92
5761.82
4865.09
4468.8
4222.89
3577.26
2285.99
2315.01
5730.67
2866.18
4061.46
4696.23
4273.08
5782.29
3317.33
2581.17
3590.91
2970.47
4388.02
2126.25
3392.51
3310.7
4190.5
2614.86
1535.11
3384.5
2787.31
2645.67
2109.58
7086.57
3204.49
2254.64
4092.05
4701.99
5129.68
2748.67
2890.81
2206.04
11097.1
3566.52
4232.29
3425.25
4598.14
3648.4
7946.37
3223.28
3404.73
4964.38
5186.69
741.462
2218.39
3674.27
4035.29
4543.21
3606.53
4437.22
3410.94
2412.35
3325.87
3376.1
3693.24
4299.95
4557.92
2096.26
3008.78
4869.14
2788.09
5317.05
4870.96
3013.89
3293.75
1415.07
2432.86
4619.87
5478.42
3488.33
3992.77
7772.43
4383.89
2736.46
5047.07
3302.49
4195.52
6751.33
3133.93
2936.65
5988.59
3933.09
4707.99
3584.13
3977.33
2942.15
3803.56
8221.23
3765.65
4537.93
2271.43
3197.46
6853.15
3533.82
5565.99
3436.43
3727.04
3669.99
2878.8
4856.69
2909.41
2711.09
5645.57
4155.06
6085.24
5468.33
4787.01
4141.74
3294.02
2994.41
3174.39
3466.56
3086.63
3396.11
2947.1
2520.3
8878.85
1734.84
2267.99
2821.81
3559.11
6056.56
2060.37
4118.27
5793.76
4975.19
2421.9
2285.56
4611.78
2851.29
3371.53
5375.81
5056.04
6640.93
4191.13
3824.42
3825.1
5858.16
3846.78
3711.3
4992.09
2987.58
1500.14
2850.49
6316.45
4501.42
2622.24
2398.59
3765.38
4316.4
3363.61
3333.91
5424.01
5433.42
2316.24
4329.42
4305.57
2322.87
2645.03
3211.83
3696.99
2594.81
4195.89
2997.71
4570.29
2658.34
2944.3
5045.16
2464.8
6513.51
2848.85
3357.37
5172.75
3848.97
961.694
8282.8
6516.19
3053.61
4990.36
5177.13
1999.92
3290.27
3858.66
2344.05
3703.45
4873.77
5617.99
6606.88
5893.3
2421.1
5067.27
3920.5
3520.73
3920.18
2898.95
4466.69
2798.43
3594.78
3918.25
3387.13
1470.61
1749.07
3816.45
1973.58
6360.19
4518.1
4152.17
8386
3634.52
3882.88
3403.48
11325.7
3539.39
4593.99
5263.2
3124.03
3593.58
3867.35
7267.65
1521.21
3807.08
2767.8
2623.19
4016.91
3608.48
8117.86
4480.14
3380.82
5017.71
3950.23
2056.02
3282.15
4782.43
5167.1
2508.74
9759.07
6733.08
3741.45
3937.58
3777.17
5571.06
3112.15
4429.69
3819.4
4176.26
1379.8
3741.58
6139.61
5853.52
4120.57
1012.68
3926.25
4130.15
5817.35
5722.92
2835.36
5243.81
3161.67
3288.41
6081.86
4448.7
3955.14
3645.86
3560.74
2552.8
4611.35
4034.48
5860.42
4564.91
2276.86
2195.82
3306.56
2015.62
3674.55
3610.06
2444.74
3264.24
2723.6
3203.4
3111.38
6698.58
3455.94
4191.02
2106.36
4198.47
4368.5
4068.71
2246.91
3108.75
2159.94
5196.33
3363.9
7353.25
3895.07
4017.62
3766.36
4161.15
4108.16
3637.56
4627.09
7011.36
6052.4
5891.52
4582.87
4483.63
5840.62
5049.47
4156.12
2450.23
5310
3349.19
3730.37
2134.23
3087.23
3159.54
4483.24
3488.91
6613.52
4686.43
3701.67
4660.13
3271.26
2848.52
4077.29
4579.07
2616.68
4076.33
2896.11
4044.16
3078.92
2530.47
5661.05
2807.74
4923.18
4039.55
3759.38
2687.96
2931.69
3248.24
4687.94
2935.76
3281.14
5790.58
4090.18
3165.12
2533.21
3072.81
3004.09
4348.47
2706.54
3727.29
3328
1834.49
2965.33
3073.85
2247.59
3265.78
1551.42
4214.53
2509.39
7278.49
3359.01
2083.31
4880.36
3821.68
5717.47
4983.39
8785.62
2629.22
4175.29
5668.38
2570.06
5097.29
2818.05
3874.86
8442.87
2550.44
3669.65
3785.96
3892.64
3880.92
3055.37
2531.5
3794.28
4567.61
4715.96
2268.56
1981.94
2922.89
2706.42
3476.41
3657.21
3396.27
4579.05
6678.89
3702.24
3684.04
4826.61
4745.23
3087.02
2933.68
7729.89
6310.29
4377.32
3387.76
5079.63
4133.96
5633.49
4922.36
4543.09
3632.06
4947.57
5013
1920.5
3589.16
3839.19
5675.18
4928.3
2166.64
2214.01
2236.01
6589.93
3883.67
3908.93
2962.74
1668.86
6090.58
5621.53
2318.8
3229.49
7197.36
3140.9
3734.54
3512.76
4999.53
5157.82
5831.15
6610.08
3887.22
2565.3
4523.71
4134.78
3431.93
6065.14
5168.48
1204.45
3502.12
2233.59
2576.5
1660.15
3794.73
5690.64
1984.05
2391.13
5987.71
3656.69
4726.38
2552.32
3760.15
2345.55
3551.96
4349.51
4611.52
3038.55
8194.56
3708.27
5545.81
4981.35
5212.33
4213.99
1669.22
3052.81
3711.22
2950.58
4054.04
2968.58
5447.67
5019.07
4695.54
4609.85
2228.6
2627.53
3940.88
3978.53
3689.94
3153.57
3170.74
2215.76
3334.84
3453.8
1036.81
5338
4029.42
5414.59
4663.49
2955.16
4978.31
3412.04
3002.92
3831.11
4452.6
3036.04
3199.32
4645.59
2627.77
2032.54
1938.05
4469.07
4002.42
3687.17
3967.9
2687.24
6389.97
4979.53
4309.93
2010.75
3068.07
3891.94
3171.58
2574.64
2840.8
3505.75
1260.31
2504.53
3121.87
5050.03
4093.21
3040.01
3496.94
4500.5
3957.98
4268.95
4304.86
2799.23
2196.37
3357.94
2630.55
4199.53
4874.4
2888.37
2834.56
3333.62
4822.92
849.23
4140.99
6307.21
3770.6
2467.45
4126.18
3431.22
3685.11
4139.75
4446.36
5542.6
3805.96
2938.81
6478.58
2604.96
4232.36
3932.45
3745.28
3263.68
3459.87
4879.35
4058.57
2317.82
2583.78
3292.31
4207.19
3345.59
3677.29
5104.47
4489.15
3074.77
6044.23
4167.87
5696.13
2394.59
1984.54
5159.79
5381.28
5400.22
2291.88
3209.42
4657.83
5233.49
2406.67
7912.25
3849.99
3907.25
3716.7
4300.9
2832.61
3651.2
6972.17
3012.62
2904.9
4792.53
2921.11
5438.32
3552.87
3499
6761.77
4680.13
4037.49
2826.31
2022.65
3367.89
6331.08
6297.57
3321.03
2549.76
4333.55
3555.08
5412.11
3333.29
8071.25
4062.95
3806.28
4338.62
3716.28
4795.28
5189.38
2807.55
5143.77
3661.9
3768.11
2972.6
6841.02
3373.53
2580.2
3376.61
4591.5
1977.91
2674.4
2896.65
4074.21
3441
2244.44
4228.7
3254.38
1377.3
3572.37
3946.24
2898.25
6229.32
8143.68
4525.87
4127.7
3653.26
4640.09
2020.24
4502.82
3440.13
3515.33
2712.42
3013.6
8812.67
6696.82
2024.75
3649.92
1623.43
2213.87
4301.47
3255.77
3753.63
2666.45
3078.6
1975.55
3825
2674.49
3250.83
9438.48
4348.62
4288.21
2173.77
4879.29
2936.13
4680.01
3080.68
5204.32
3759.78
1573.99
4630.86
2661.69
4690.66
199.992
479.222
8996.09
3977.05
6582.39
5821.49
3354.49
7796.79
4429.8
2312.47
2703.88
3712.94
4513.41
3884.12
3117.28
3428.26
3776.41
4416.31
4573.49
4323.65
5979.87
2407.2
2338.64
3299.17
2481.68
2374.52
2584.2
3778.38
1521.85
3783.17
4930.94
4768.28
3025.7
5376.5
7170.6
4434.22
2319.14
3676.13
3370.66
4096.31
3358.14
4246.69
4238.63
5523.71
3289.96
7756.74
3907.52
4361.02
4247.68
3195.9
6492.94
3704.54
7037.1
3791.76
5869.39
2455.89
1997.42
2715.16
2837.25
5369.77
4451.6
4262.76
2601.02
6093.16
3951.53
2814.75
3946.19
5137.5
2903.99
2979.19
4123.72
5155.64
5488.88
1781.35
1747.95
3133.52
4088.18
3222.79
2282.83
3256.32
2431.18
3675.66
2645.37
8272.9
2988.26
4796.21
2804.45
5616.81
3901.66
3131.51
2935.8
2381.68
3944.33
4913.69
3238.04
4031.96
4193.63
2835.59
5676.97
6860.52
2126.2
3575.8
3660.96
2330.65
3322.46
2520.33
3415.86
6573.47
3126.85
3910.16
2427.6
3634.52
5844.46
3434.58
2561.28
5056.78
13079.5
3202.63
3189.89
3975.62
4197.01
4015.98
5104.39
3059.37
2616.51
1924.75
2482.19
3483.19
4132.97
3485.81
10105.2
1728.69
4900.46
1529.46
3179.44
3487.71
4224.23
4285.36
4561.68
5382.75
5764.76
3056.37
3646.52
6952.81
5849.59
5041.92
7340.83
1685.32
2658.82
5088.41
6569.52
4501.68
4113.41
846.371
3034.29
5399.21
3276.93
4273.23
3140.87
2953.38
3385.12
3601.21
2283.85
4482.57
4595
4010.13
3453.77
2208.59
4524.12
3486.16
4021.91
3250.14
1087.72
3756.98
1816.88
4567.88
3651.67
4371.06
2732.07
3202.01
4378.17
4346.39
3654.09
2840.94
3340.41
2970.24
11412.3
4562.14
2498.98
1641.76
5157.94
3171.32
3505.39
2712.04
2981.82
5369.02
6551.26
2296.45
3207.93
4901.61
3121.45
2579.16
3110.9
5990.49
3541.95
2562.4
2586.98
2774.85
7227.25
4710.03
2231.73
3024.57
5280.53
5216.94
4056.83
2654.81
3409.71
4363.46
3390.72
4357.67
4204.26
3822.36
2992.21
5708.78
2402.82
4637.38
3177.76
4080.28
3893.07
6243.52
4633.52
4404.15
5657.38
1586.87
1016.91
3905.01
3377.61
2777.31
4682.98
3760.05
2888.55
3282.68
3680.58
5099.27
1139.66
3021.81
2289.32
3889.55
2830.46
2954.52
2577.54
5210.96
2923.44
4792.82
5476.39
5060.3
2245.54
3708.5
1968.87
3956.31
3779.74
4478.53
7043.16
2113.89
3393.56
2309.11
5555.53
2695.96
3641.84
5020.31
3515.43
1309.03
2485.99
3921.67
3071.47
4477.51
4168.16
9858.85
2309.56
2765.54
3350.83
5745.27
3670.35
1976
2082.27
3754.08
4121.83
4765.41
6873.67
4059.67
2790.6
2089.8
2901.1
2569.91
7485.95
3016.06
5356.67
3183.65
3566.27
7975.61
3235.68
3687.5
3168.56
3642.57
2947.98
4472.84
4238.76
3282.47
6311.82
5732.62
3329.15
4450.92
3239.12
2141.71
3314.96
2786.59
5359.88
3854.37
3077.63
4899.01
4236.64
4157.64
3987.53
5060.83
3945.6
4160.14
5743.56
4801.96
5412.17
5143.98
4392.73
3371.41
2804.78
3520.42
3546.19
3791.43
3409.78
1536.81
4700.77
5232.01
5848.07
7325.86
3530.74
5166.27
2954.26
4176.87
2045.4
3214.6
3296.6
2369.42
2451.89
3319.38
3619.76
4903.69
5520.31
3117.36
5317.33
3060.6
3087.01
1845.09
2760.66
3059.07
2691.28
2523.03
3988.87
3310.98
5346.53
3982.13
7327.12
3453.03
3437.96
3729.92
2919.77
4844.22
2142.13
2504.92
8010.49
2331.56
5788.84
3634.73
5593.71
4803.17
6851.81
3583.72
3944.52
7005.39
2326.82
2215.9
4146.27
4562.57
4400.04
4723.15
3115.13
3076.2
2463.63
3144.24
2616.16
4054.54
3014.69
3358.91
5100.37
1335.62
4657.73
4516.13
4145.56
5797.61
3540.98
2233.39
4526.86
1399.77
4375.87
4634.94
4450.14
6211.64
2488.88
1929.67
1978.41
2281.91
3965.55
4305.55
5357.33
3032.97
6521.84
6101.81
2622.82
3349.43
5039.61
3347
3808.48
2945.35
4570.21
2497.12
4965.75
3257.75
3346.46
3818.45
2728.36
4808.29
6027.56
3891.15
4790.65
1093.88
1904.64
5844.57
2303.69
5873.25
3403.11
3536.9
2297.25
2141.45
3174.93
3483.78
2612.2
2974.14
4731.98
1337.1
3020.1
2762.21
3746.02
2985.91
3064.51
3835.93
2467.76
3786.77
1823.04
4882.75
4105.28
3563.68
1997.05
6580.73
3126.92
2674.5
2840.01
5334.7
3762.25
3697.03
5216.74
1493.36
1932.47
6610.3
8905.85
3859.45
4274.35
4482.04
3794.56
6265.05
5269.1
2229.87
3916.82
5518.82
3869.57
3538.99
3243.21
3666.58
3971.77
3108.23
2388.45
3954.3
5345.64
2466.71
1518.97
6170.95
6684.12
2414.73
2661.13
1548.67
4015.71
4407.38
3745.36
2508.88
3807.17
3159.98
3979.31
5525.69
3563.04
4170.87
5994.52
7579.23
4061.9
3563.69
4501.2
3354.11
2207.12
5461.94
3529.18
4113.35
4807.02
6144.96
2632.12
3585.92
3252.73
2919.88
2803.88
3479.23
2672.23
2559
4419.01
4081.12
6538.65
2749.12
4891.45
3001.81
2475.45
3567.43
4809.9
3742.28
3326.5
2279.85
5972.84
3572.73
4126.49
5822.07
3502.6
5540.15
2150.05
2174.87
2205.79
1959.84
2917.83
1914.98
3522.24
3893.21
4491.38
6366.55
5279.12
3509.95
4469.4
2803.67
3395.29
2779.17
3972.17
4767.76
4068.02
2437.49
1896.6
3375.42
4456.26
5600.66
2950.3
4870.36
2351.49
3783.79
1908.83
5582.71
4549.9
3559.87
2076.38
4169.89
3647.51
1757.92
2579.23
6000.23
3549.99
3991.06
2476.68
3165.42
4861.85
4244.36
3273.07
2756.47
4676.87
3328.03
3604.8
3736.98
3128.38
1865.7
5061.99
4407.55
3503.19
2732.92
4977.86
2672.97
4920.31
1635.02
5641.79
4578.32
2948.66
2598.07
3511.72
5308.17
2660.73
2022.3
4292.92
7674.08
6161.81
2096.78
3405.87
2581.98
2600.52
7618.7
5888.35
2871.58
4476.84
2802.34
4226.51
3419.68
3099.57
3441.01
5759.31
4134.03
2437.2
9192.31
4968.47
8259.23
3687.27
4499.85
1726.9
4292.7
5508.9
2609.75
3237.46
4117.33
3106.48
4331.92
2650.11
4277.44
3655.17
4050.92
4699.2
4103.42
8206.84
2363.24
3545.81
3374.11
2936.1
3585.85
2880.91
3056.59
7789.01
3452.74
6054.38
4560.96
3628.73
2919.95
7617.33
1490.12
5897.79
4211.22
5728.34
3413.71
1735.62
3402.12
4091.72
2809.16
2968.8
3803.98
4602.19
5505.25
5325.62
3613.22
5519.37
3238.46
1797.83
3508.45
3147.65
3818.28
1959.25
5705.36
3655.19
3253.5
4215.37
3401.18
2521.69
3096.5
3926.28
2681.41
3441.97
2834.88
4858.59
6323.3
3079.34
2714.78
4867.28
3426.85
4239.16
4758.3
913.062
2987.05
3969.29
2870.28
3084.38
3678.44
3551.01
3611.07
3924.6
3366.69
3038.75
7738.46
3364.45
4907.05
6115.75
7832.08
1979.99
3429.43
2456.34
5981.9
2661.84
3644.94
3915.79
3116.76
1476.29
3934.45
2984.81
5523.17
3177.13
4779.29
3794.47
4173.13
4910.68
4421.59
3740.64
5651.64
2699.81
3803.67
2085.2
3504.95
3123.74
4230.42
1542.77
3479.3
9044.43
3538.41
6986.54
3173.32
4149.19
4198.36
4963.52
2297.04
3217.79
2587.94
2821.33
4482.24
3005.64
2380.21
5544.62
2703.17
3965.35
2407.18
2965.13
3621.16
3532.75
3382.97
4142.1
2266.81
1967.09
4102.12
5516.19
3028
3351.63
3134.68
4241
4512.72
4791.46
2848.34
3753.69
3804.23
12134.8
5627.98
3594.63
3984.83
4285.12
2872.74
3292.03
1936.17
2891.01
4337.68
3695.35
3117.48
2146.38
5996.65
2341.15
3735.3
4436.98
3817.12
4078.43
3966.13
2404.19
5282.61
3057.87
1452.53
5987.36
4589.82
2338.5
4635.35
2139.78
2499.45
4343.63
3543.9
1678.5
8451.11
4982.45
3887.37
3936.99
3347.83
2503.51
4956.25
3688.51
2565.97
8481.63
3537.45
3951.24
2388.47
4704.27
4808.08
4655.69
3007.38
3571.65
1892.93
3746.93
4060.33
4690.82
3933.24
4612.62
5014.99
2984.95
3134.88
1560.64
6007.15
2752.86
4035.6
4693.94
3829.41
5213.35
6452.51
4362.62
2662.26
2488.74
4476.57
4305.16
4140.42
2159.32
4528.74
3557.25
2434.54
4898.61
4724.59
3803.67
5410.19
4403.11
7451.22
3703.46
5626.14
2625.45
4194.5
3722.91
4255.24
3599.57
4072.67
4944.84
4827.65
3122.43
4298.6
4242.99
4338.6
1311.5
2743.72
4043.27
6719.04
6282.02
3979.93
3569.22
3178.11
3582.24
3885.16
3611.76
4948.32
3314.81
3022.24
2961.11
3319.76
4150.86
1851.29
2085.48
2223.75
4569.76
3432.3
4499.44
3426.64
2842.69
2410.94
2395.97
4152.98
5539.6
3343.74
3986.77
3058.38
3866.99
2807.05
3024.47
3881.65
3573.95
5700.93
2480.28
3658.51
4793.72
3430.69
4420.31
3228.69
2687.2
1655.69
3250.38
2700.25
3648.95
5419.69
3614.78
4691.71
6344.28
2858.87
5148.97
6823.38
4010.78
3724.71
4969.58
2425.93
6443.06
1992.76
1955.01
2584.92
4484.62
3531.42
5711.32
3224.17
3315.79
5930.03
2098.44
5931.78
4782.65
2958.26
3062.72
6039.87
4211.83
3607.66
2736.77
3237.76
4021.1
4800.11
2887.74
3663.66
4400.12
2311
2682.04
3043.66
2629.6
4142.13
4087.43
5521.43
4739.38
3639.85
6003.24
3710.47
2626.79
3792.98
3194.84
2499.71
2780.65
5427.86
3836.51
5017.47
11021.5
2182.99
4557.64
4829.45
3831.98
6703.96
2483.91
5617.35
4903.42
4124.22
5920.59
3692.65
4282.91
2877.17
3209.59
6640.58
5100.78
1426.26
4804.89
4799.02
2226.43
3258.55
2653.57
4907.54
4223.38
4824.92
4326.45
1551.47
3835.63
11464.8
3853.13
4076.49
3011.88
4604.33
6439.46
3244.35
6937.91
8719.44
4288.19
3963.57
3906.69
2630.51
5413.08
2336.84
3586.8
4657.22
2078.99
1549.37
3084.25
6225.17
3220.16
2613.96
2602.81
3611.46
4224.5
6991.73
7062.08
2431.6
4989.46
8089.74
2737.72
2478.74
3636.88
6720.89
5334.56
3088.94
5915.12
2988.74
2541.98
1848.51
3217.79
1449.31
3152.23
5592.51
2205.45
1928.94
2681.82
7888.77
3938.34
5710.3
4114.91
6315.88
2465.3
3938.58
4581.1
2575.72
4134.85
5304.99
4077.8
2200.09
3810.79
3002.23
3959.82
2862.84
3252.4
3574.93
7726.26
3737.45
4199.83
3638.95
4945.7
2242.61
2932.3
4208.13
3530.11
3213.34
2017.3
4146.95
1705.81
4703.82
5472.77
6574.59
3540.41
2018.02
3404.9
3190.63
2655.88
4155.42
3118.92
4214.92
7305.1
3546.09
2653.02
3372.65
1366.08
4772.32
6002.17
3081.69
2598.79
3692.62
2579.77
3438.9
3559.12
4491.31
3739.63
9743.84
2677.72
3103.37
2975.05
3555.3
3944.75
1882.79
2981.6
3009.11
2772.18
2521.18
3360.23
5441.77
2187.61
5898.98
3605.04
3877.1
1799.08
3610.44
2271.29
4046.25
6524.95
4540.35
4653.71
4312.22
4589.14
3526.74
9108.57
2851.98
2067.65
4096.33
3374.2
3198.01
4121.71
4530.24
7098.14
4194.94
2855.92
3260.43
4128.08
3553.45
2031.18
6022
7511.4
2865.92
2689.32
6301.52
3995.3
5588
3017.8
3464.22
3626.88
4767.28
3916.89
3189.27
1765.53
2577.73
3511.98
2557.95
3885.58
4945.81
3528.45
3137.45
2834.65
4346.92
2625.02
4111.87
4245.75
4688.44
3245.51
4815.95
7004.23
3397.63
1383.68
2569.38
3727.22
2123.26
2933.94
2782.1
7155
4616.48
3196.86
2985.64
3895.04
3450.89
4276.57
7497.53
3955.33
3297.62
4231.97
4307.73
5311.71
3417.88
4975.76
2803.68
3947.89
4399.68
3522.83
4713.64
4040.37
6392.73
4667.22
2560.04
2980.63
2330.34
3869.09
1473.09
4732.13
1800.85
3670.9
1793.19
3023.19
3967.73
3116.9
3372.26
7205.42
4333.2
3185.73
4413.3
4778.11
5175.15
2292.89
4978.57
2848.79
4394.93
2516.79
3150.84
2451.66
4325.5
2902.08
6083.82
2578.7
3807.61
4813.93
3097.54
3747.96
2270.08
2252.56
5384.11
3845.25
3707.09
4332.86
5270.88
6315.14
3069.15
2448.73
5166.39
4354.76
3766.8
5332.94
4264.38
2294.44
7732.46
5807.17
3776.98
3691.96
4262
3929.98
2720.08
5352.49
1970.03
2536.48
2166.77
1860.54
3238.09
3645.3
2047.12
2243.26
5377.02
3099.54
5708.16
7097.19
1225.13
2596.9
5239.16
8277.64
3597.8
7177.19
4374.47
4455.19
4449.17
4560.52
3949.67
2634.71
3567.13
2431.44
7137.16
2682.46
1848.7
3744.8
4646.36
1595.57
5758.16
4942.38
4108.11
2655.85
4610.27
5165.87
4603.25
5742.02
6144.4
3699.48
6615.24
5710.7
2588.69
5694.69
7728.39
5167.76
2369.43
3641.85
5507.18
3540.42
2608.2
5384.91
3728.24
3823.73
2064.95
3483.39
1303.95
4374.73
3390.37
4019.45
4092.49
2476.18
5052.18
4484.46
4173.93
2927.01
5296.24
3836.26
2886.2
4023.2
3096.16
3871.72
3473.08
3489.59
2854.91
1602.26
2714.56
4097.81
3561.04
2518.08
4408.34
3505.03
5349.05
5404.19
5500.8
2991.09
2756.06
3397.5
3505.51
4863.97
3269.19
4361.5
4946.28
2573.67
3658.4
2580.11
2425.53
5119.98
4025.07
2406.59
7952.64
2410.8
3112.15
2589.24
5027.31
4027.72
7445.97
4205.58
2886.43
3937.67
1982.38
5916.9
2005.61
5490.64
4636.25
3234.3
3366.78
3726.09
2380.82
3435.85
5506.33
2398.85
4209.81
4621.75
2289.82
4840.58
5349.58
2908.73
2315.19
2354.84
6666.71
4184.89
4267.66
5701.89
4267.25
5007.82
6722.23
6962.48
3223.98
1668.43
4082.5
3977.14
5557.47
1780.42
2894.05
4973.02
3618.91
4313.92
5582.22
2724.56
3852.22
1094.24
5922.68
3834.47
5033.29
2754.19
2996.61
3672.14
5246.26
4894.73
2716.74
5880.17
4254.17
3734.02
2701.42
3485.95
3611.73
5887.1
6188.9
2808.44
4819.93
3458.86
3252.64
5315.53
2443.57
5389.83
5705.52
5444.66
2413.88
5786.35
5669.16
4105.95
5562.46
2701.44
6927.13
5185.33
2574.68
4314.71
4477.87
3419.36
2941.95
9596.7
4593.22
6403.11
4399.2
5847.08
4111.04
6689.71
4598.5
3691.78
2872.15
3758.24
2025.23
2635.7
4733.31
2175.98
3433.73
3595.18
4030.89
5189.12
5809.59
3043.27
3490.56
4594.12
3214.16
3626.16
4260.64
2679
4468.6
6254.62
2617.67
4708.31
4071.71
4991.05
4356.24
5570.67
3037.96
5203.27
5283.15
3106.49
3422.35
4422.5
3285.1
3888.54
3299.56
4473.56
3951.06
3382.91
3602.04
4819.97
3655.41
4963.12
1668.63
2664.99
2441.57
3681.86
4122.33
2426.66
3818.13
3058.17
4488.33
4226.59
2307.9
4719.29
2535.02
2977.4
2658.23
4895.72
3946.03
1438.68
4423.34
4899.32
2925.12
3911.95
6859.1
2912.8
3366.45
3231.24
6339.55
3440.19
2586.87
6117.03
4491.92
2546.96
3389.99
3919.04
7324.48
3722.2
2882.26
4919.8
4203.77
2959.86
3367.91
2156.2
3681.96
3675.04
2046.23
4544.48
4177.48
3422.92
1508.79
1842.14
3031.24
1335.44
2418.2
2757.16
1217.41
4309.01
4522.85
1805.45
5561.68
5868.11
2831.22
4157.57
7882.44
4109.17
1870.83
4782.09
5415.47
2709.58
4463.36
6395.42
4346.14
4462.76
2614.91
3595.46
5715.33
4734.13
4640.81
3724.89
4186.19
3946.49
2142.82
4252.15
1411.84
4468.25
5562.98
2451.97
3805.79
3896.79
6167.98
4236.13
5295.59
4654
3990.06
3776.65
4110.63
6095.61
4361.81
133.915
3135.8
2777.25
4747.38
3324.51
9181.75
2709.64
2988.16
1353.38
3476.73
4030.79
4654.58
6244.99
1483.72
1990.96
2578.22
3535.49
3321.8
3496.83
3889.97
4196.31
6720.7
3300.7
4619.49
4814.09
3868.6
4186.47
4942.13
3587.4
3405.96
3554.29
4030.87
5812.38
2275.76
4470.97
3981.24
3664.97
3435.33
4635.78
8696.89
5388.71
4756.61
9957.29
3305.63
4658.18
3049.57
3039.48
2610.64
8839.53
3264.84
2324.26
4170.26
4342.13
4872.98
3293.32
3735.46
4240.79
3.40E+38
2639.49
2039.92
3016.67
1382.95
4949.89
2136.16
3570.43
3560.11
2981.81
1285.71
3405.52
3102.31
4896.71
3112.14
3215.06
6640.75
4105.37
6465.42
6613.28
3780.92
3779.81
4238.06
1636.51
5844.32
1811.79
2842.8
2126.8
3629.44
6962.6
2165.79
2254.38
4497.11
3264.67
2015.99
4685.17
2756.71
5185.54
4717.88
7224.61
1898.46
3797.35
4513.46
3911.26
2683.32
3970.12
3797.85
4236.03
6300.14
3009.3
2509.8
3196.68
3165.49
1863.08
7700.99
4165.99
4486.24
4933.5
4972.15
3163.66
3782.9
3740.56
1907.13
5614.5
3922
2284.3
3860.79
2979.67
2687.64
3429.81
6652.31
4341.88
2655.47
3211.42
3239.84
3723.37
3742.72
5883.63
4326.34
2817.96
4910.32
4158.83
4268.98
3439.53
3763.68
3987
3319.45
5781.57
3511.76
5308.9
4550.15
3290.45
3439.82
4737.67
7529.03
7116.77
3932.15
5299.74
3401.57
3212.34
5970.07
1394.09
4200.35
3813.97
3593.94
3750.47
3821.16
3534.67
1873.32
5545.21
6255.25
4127.38
3338.63
3339.63
3124.13
4935.07
3371.17
2998.79
2207.52
6248.73
5650.99
3878.18
6185.99
3652.74
2910.28
5150.16
9110.97
3033.4
5542.62
4307.14
3137.68
2031.7
2891.94
6600.09
3455.34
3488.83
5629.71
8930.12
2406.38
2805.76
3798.66
7923.55
3475.47
3966.03
4849.39
7601.8
4738.05
3700.26
3287.13
3032.87
2849.64
5061
4283.78
3087.32
4745.79
7517.7
2778.2
2941.44
8624.57
2881.8
2560.7
3104.63
5905.36
2724.73
7915.62
2006.48
3270.23
3682.96
4132.98
3927.04
2961.7
3620.04
3085.94
8337.69
1911.71
3209.61
4188.01
6484.24
4537.45
3982.73
3110.06
3533.36
3124.77
3572.86
2949.34
3403.16
2169.5
3199.53
2933.58
6300.6
2981.24
4166.8
2196.74
4436.18
4099.94
2428.06
3280.67
6390.1
5335.48
6046.89
5433.42
4563.8
3324.83
5815.75
4000.27
3745.78
5210.3
3760.41
4052.66
3638.88
4787.09
3305.72
3164.65
3151.47
5757.12
3401.52
1897.07
2915.98
3346.23
3720.59
4524.87
4044.96
2836.57
3430.98
4410.14
2250.97
3930.28
3741.47
2196.39
2408.67
4307.22
5470.85
4670.25
4052.23
2535.71
4414.98
3455.13
4471.93
1186.7
2879
3363.46
3962.99
5211.8
5323.32
7749.35
4008.64
3067.22
1045.68
5393.79
3714.27
5281.17
3627.74
2457.94
4312.74
2517.92
2563.49
6155.82
7407.86
2923.86
3150.85
3193.07
2397.25
4882.43
5265.29
3814.18
3574.32
4584.83
5231.9
3234.16
2535.51
5372.89
5385.15
2491.25
5524.75
2595.42
2585.06
3324.91
4004.95
4827.23
4323.99
5739.5
2871.53
4423.64
2295.71
4176.83
5167.48
4407.79
1852.02
5329.78
4965.64
4144.1
6281.02
4223.49
4532.29
3446.85
8103.38
5278.23
1126.68
2015.98
3812.95
8391.31
3844.76
2384.6
3859.89
4736.91
2010.59
3692.14
2888.58
2662.74
4881.75
2558.97
3289.08
5087.57
4509.51
4216.09
3964.96
2505.55
4257.09
5312.69
3621.08
4643.05
5000.23
5322.27
3258.54
3418.18
2704.45
6389.86
2190.12
4303.4
3204.37
3342.9
2744.83
5557.75
4100.46
6649.49
6711.03
3768.89
2375.29
3157.75
3275.66
2702.49
5152.16
5628.57
3577.26
3601.35
5335.15
1494.94
5498.83
3143.41
2430.31
2533.35
3564.55
7170.19
2991.86
2015.14
2203.56
2869.08
2965.19
2777.49
7818.41
2879.61
4711.82
2752.88
3645.13
4379.74
5673.3
8473.18
4244.01
5418.88
8419.27
6707.03
2163.72
5578.74
5270.44
5407.17
2425.37
4884.52
1623.9
3806.19
3412.66
2571.64
6746.44
2191.47
3576.6
2995.24
6493.06
3381.72
2587.88
2841.98
5377.32
4466.92
2364.61
3512.51
6259.11
6118.23
3307.84
4369.69
4306.8
3360.72
3284.58
4087.24
7588.85
7521.12
3976
3405.87
3340.61
2394.97
2365.71
1959.45
2450.07
1965.25
2862.88
2203.21
4068.08
2761.34
4660.22
3593.71
2896.42
4485.12
3584.59
4944.63
4589.91
1932.33
2180.5
3127.33
5675.61
3273.07
4955.67
3291.24
5714.87
4830.93
3777.19
2358.51
3350.48
3855.22
3911.69
1823.89
3836.81
4388.09
3150.8
2603.65
2621.26
3473.54
6609.84
4309.18
2249.73
4261.2
4772.29
3882.12
2151.2
3811.17
4222.73
3859.23
5100.79
3903.69
3176.44
2779.65
4814.9
3998.91
2356.06
5483.18
2094.78
2805.84
3399.89
5634.58
3900.06
5147.26
4183.15
3239.86
2877.43
4055.94
2735.88
2181.94
3264.36
3231.11
3430.7
4234.59
5066.66
4029.13
3181.68
3461.46
5098.92
2340.01
3235.34
3658.77
3198.86
3310.69
2851.32
6959.97
7948.13
4367.79
5738.31
2399.19
1438.6
4312.1
3440.56
5117.34
6952.3
5298.8
3255.75
1534.04
3088.16
5319.79
4404.5
3912.47
3423.41
4398.74
4411.6
3866.51
5612.82
4035.68
2849.46
5145.53
4178.82
3426.6
3206.65
4992.93
2237.75
5304.92
6255.06
2132.12
3625.73
1758.38
2377.34
8557.63
2553.01
4543.41
1071.57
4195.71
3261.18
3555.65
2882.91
3583.74
6724.77
7387.27
5272.64
3432.87
4657.77
2337.27
3511.54
4190.73
2559.27
6711.24
4814.02
5449.06
885.687
4925.83
2782.69
3190.57
3253.16
4920.5
5881.73
5528.25
3341.22
4563.79
2679.41
2885.26
6334.06
2935.34
2851.39
3012.72
2312.52
9875.26
3252.58
3857.72
5379.33
5452.89
2617.49
2030.11
3687.74
2903.03
10669.5
3258.22
2498.47
4417.31
4812.73
3300.19
1208.32
3500.1
5106.43
2511.47
3542.53
3278.56
7968.34
2015.73
3981.32
2382.82
5022.09
3920.05
5603.14
5637.23
2914.5
4939.36
10686.7
5040.4
4835.8
5078.35
2721.04
3415.24
7769.08
5482.44
5083.91
3247.8
3239.71
5545.9
4756.47
3028.7
3679.99
3207.71
1331.98
3496.35
3236.58
4327.18
5899.15
2662.65
4374.56
3508.26
4071.26
3084.25
4270.57
4160.42
3206.8
3853.93
5848.26
3354.76
1804.67
3687.29
5053.49
3682.23
3421.02
6912.08
3174.23
2543.11
3036.31
5175.92
3039.83
3345.05
4214.51
2955.72
2455.16
2422.68
5338.81
2385.26
4197.62
3637.53
4166.64
4038.18
2877.46
3081.13
2306.25
2694.27
2199.14
3860.24
5755.97
4399.79
3366.63
4203.13
3385.38
3680.1
5901.03
2199.13
3683.3
4022.67
3222.32
2947.61
5591.76
4655.44
3460.28
2563.87
3965.07
3438.37
3905.57
3736.05
3425.11
3518.36
3169.13
2354.97
3941.46
9884.95
3668.81
3097.32
2624.44
6309.12
3744.52
4273.58
2027.63
2100.7
3341.06
4501.44
2842.49
5617
5220.95
4642.89
6425.93
3358.79
4831.56
1522.72
5433.86
4434.97
2928.35
6758.11
3772.33
4778.2
6483.17
1987.64
3048.36
5117.46
5079.02
3899.23
2521.21
4850.38
4290.01
2602.67
3494.18
2253.79
6151.19
10055.3
3705.03
2627.24
6327.09
5000.16
3020.67
4081.24
2466.12
3384.64
4648.61
5476.87
2952.12
10430
2689.64
4487.79
3220.87
4541.59
2221.03
3779.79
5348.52
5819.2
3313.29
3150.2
3528.41
3460.79
2066.87
3873.73
5036.53
4569.52
1955.26
2458.17
5116.71
5107.99
4768.54
3300.14
2142.48
4712.32
2634.81
2671.74
2191.59
5409.17
3161.72
3476.79
3950.36
5561.07
4594.42
2519.9
1876.06
3557.41
3652.91
3706.71
5033.95
6875.32
3255.4
3803.18
3636.99
1787.47
4514.13
2601.94
2716.1
1481.79
3846.99
1539.43
6091.47
5015.46
3215.69
4939.19
4027.35
4453.06
2396.83
4953.55
4704.3
3379.82
3451.26
2466.2
4453.52
5476.11
4449.33
5860.04
4541.98
2860.99
5283.55
2609.51
2850.3
2611.78
2978.08
5066.71
3909.08
3771.64
3156.59
2783.44
3670.69
2416.28
6998.02
2990.71
3329.67
4119.99
3601.18
4204.84
2190.33
2722.64
3628.3
5222.24
4486.66
1230.8
3129.64
5165.98
4613.9
3473.42
1474.21
5178.11
3674.83
8063.64
3911.98
1982.95
3497.06
3877.64
3835.35
3912.31
5275.41
2480.19
2752.84
3311.21
4345.37
3918.88
1949.42
3141.55
3060
2564.67
2391.32
2754.62
4007.19
2696.08
4098.64
3167.95
4733.48
3143.06
3023.9
4659.6
3837.94
6806.74
2884.31
4960.54
3108.85
5759.56
3956.63
1215.34
3365.26
3344.8
3334.09
1090.58
2726.54
3264.61
2516.53
5082.95
5232.64
3456.19
1823.21
1896.11
3048.31
3398.34
2064.64
2406.81
3533.9
4690.21
4061.83
2786.74
3604.01
4770.28
3268.26
7270.35
5657.15
4666.68
5255.14
2183.66
3711.63
3404.67
5236.18
3802.68
8370.4
3106.77
3140.48
4072.57
3471.02
2601.99
1375.55
5821.31
4189.91
4505.37
1458.52
1298.68
2019.88
2415.41
3236.35
4219.96
5070.75
3127.4
3127.54
2607.91
4241.05
3301.97
2915.82
3908.52
1716.11
6087
2117.88
5574.48
4753.65
4097.42
2374.57
2332.7
5272.57
3839.71
2777.49
2164.82
3331.87
4388.21
3233.33
2626.44
7092.73
4088.84
5820.31
4125.39
4256.7
4965.65
2166.87
2292.98
2653.58
5373.57
4185.65
4184.84
3024.21
2946.11
3158.42
3625.8
4668.98
3209.92
3671.54
3512.64
6266.29
2999.52
3305.98
4750.23
2446.99
2150.87
1699.04
3053.42
4794.21
1752.81
3111.32
2584.51
3638.62
2233.23
3118.24
6102.98
2436.23
3570.03
5850.86
5269.62
3930.1
2178.3
7798.4
3310.53
3876.26
3920.22
4238.23
4741.59
6130.09
4837.87
4012.9
2907.88
4620.91
3439.03
3420.39
1363.34
3543.81
3645.19
1827.61
5047.98
4921.65
3956.18
4240.3
2270.34
2493.5
2939.33
3048.6
1692.14
3922.86
5071.37
3300.99
4462.97
2428.71
3790.05
7124.76
3492
3060.99
3305.24
3877.62
5527.01
5721.63
2691.09
5653.95
4374.02
2586.36
2678.1
1780.02
3888.58
7045.32
4152.67
8033.68
3622.86
3628.85
2909.05
8163.47
2295.85
4302.95
2083.45
3992.9
2237.2
4341.16
5907.22
5199.37
3942.67
3377.52
1504.67
3511.86
3466.95
3437.98
4193.57
1980.25
3602.77
1791.73
3030.22
3850.2
2669.45
9879.08
2786.92
2297.35
2672.42
7375.3
3985.66
4134.23
5141.7
3884.07
4446.5
3608.8
3144.57
3654.45
2500.64
2707.66
4393.9
3575.53
3236.18
2231.85
3745.15
3184.72
3128.52
2933.43
1855.68
2491.79
2829.97
3630.4
5838.09
2555.64
2316.02
3693.4
7302.1
1670.13
2018.94
4202.54
6510.77
4395
3628.18
3965.19
6295.37
3246.88
4824.61
3933.18
4638.31
3641.57
2732.16
4999.79
5592.51
4807.68
3364.85
3186.31
2701.11
2646.91
1671.1
2699.77
4334.17
8567.95
3606.97
3261.44
5213.43
3535.79
3199.47
3419.1
10120.9
3045.11
4296.46
3214.45
3211.69
1772.71
3866.38
3047.05
2870.22
3129.32
3249.6
2812.91
2691.85
4484.88
2589.51
3033.99
4094.21
6288
4019.41
5643.21
3122.48
2630.48
4676.63
3444
4379.37
4073.72
3202.28
2026.4
2215.07
2178.62
5162.28
4392.15
1760.71
4086.54
3302.53
3024.75
4620.07
5188.11
6874.26
2564.17
3886.51
2488.86
1595.12
2249.68
3665.94
3147.33
4649.97
2891.25
3259.48
4456.26
8774.62
7896.61
6389.35
2481.28
2552.65
2744.2
1921.46
1496.78
7009.65
4727.04
3824.03
6580.01
4414.59
4574.14
4775.33
3295.78
5706.23
4122.7
2433.83
2483.01
4302.47
1836.07
2755.93
4537.56
2852.17
2434.66
5922.6
2078.18
4582.84
4883.49
2433.92
2723.3
4687.68
4226.55
9959.44
2959.1
5278.24
3111.17
4015.77
4813.4
3350
5623.07
2792.63
5872.8
4019.94
2839.9
4245.56
3305.27
4512.64
2885.97
5567.91
2996.1
2320.89
1957.67
3218.23
2031.71
4149.27
3024.63
6396.12
5900.18
5175.25
3100.32
2777.23
4753.81
3330.56
7024.87
4667.98
7195.79
3002.01
2993.96
1386.45
3463.31
2456.12
2859.29
4104.3
3008.4
3647.19
2854.57
5399.97
2347.92
2725.27
3301.04
4717.7
3681.73
5738.16
2420.91
4216.56
4206.25
7662.87
3361.83
1570.9
4847.55
6019.77
2399.32
2744.97
2445.51
4105.96
11840.2
2400.83
6359.66
3886
5656.6
1347.91
5029.39
1463.03
2933.48
3299.91
4676.68
3019.33
3401.3
2913.19
3204.62
6568.8
3487.61
2765.74
4162.84
4606.12
3948.43
2763.7
2825.29
6296.73
2901.62
1560.03
3870.21
3365.73
1855.64
3190.41
5860.26
2805.08
7127.18
4539.9
1999.2
3017.09
1820.62
3271.36
8559.21
8903.02
3117.47
4727.29
4282.32
2557.99
3355.41
4714.38
4360.23
2311.73
2842.16
8749.93
1835.23
2004.5
2871.13
4517.5
4008.21
2297.2
5224.26
3179.22
4861.49
4125.19
3924.81
3367.42
3617.16
2834.41
5292.21
4003.52
3694.1
2973.97
2159.67
2668.81
2370.45
3669
3387.8
2667.78
3050.52
5801.75
4256.66
3399.72
2589.09
5774.51
3409.66
3640.58
3647.69
3698.55
6508.36
5653.56
2454.38
3301.14
2512.66
4293.9
3230.48
3044.55
4004.97
1635.21
7179.79
7881.38
5314.83
4647.47
3845.41
1712.19
2793.27
2545.22
5682.49
5039.85
3712.95
3561.63
2855.14
3687.95
4082.6
4017.61
3318.17
3041.34
4371.01
7357.24
3691.91
7973.98
4566.08
1105.94
3025.91
6261.51
2586.96
7843.11
3021.08
3798.92
2455.32
6836.05
2733.11
5009.66
3183.41
3748.43
3703.62
3764.14
9107.08
3426.1
4168.75
3108.85
4242.73
3705.29
3639.18
3995.37
3407.87
5303.43
3200.11
3268.42
2867.15
3205.63
4916.66
4038.88
1728.67
1627.51
4909.74
4369.05
2184.94
2072.94
9593.88
4195.32
2391.96
2562.47
3370.78
4836.88
967.584
2665.56
3417.02
5126.49
2578.6
5036.65
5637.23
3675.92
2107.44
1971.63
2748.99
2988.32
10487.7
5092.84
4615.81
2437.41
6970.4
2891.86
3915.26
2887.43
6056.33
4445.55
7217.6
3938.25
5326.1
2312.65
4721.35
2634.82
958.153
5537.18
2299.93
4373.57
7708.96
3030.04
3966.24
5346.21
3425.63
5613.03
2372.96
2659.55
3932.61
2168.31
3669.44
2790.89
7150.57
5466.06
4639.32
4854.32
4691.81
3690.62
2154.94
3417.95
13275.3
5835.14
3836.29
4856.12
1330.07
3498.56
6140.81
5244.45
4314.71
1795.88
2685.25
3433.85
3750.86
3526.22
641.719
2441.06
5412.28
3521.47
3044.48
4713.05
4138.84
4001.59
2598.2
2845.94
3757.73
3128.84
4370.34
1678.58
10126
5499.12
6036.15
3837.42
3284.47
4753.92
5931.92
4406.82
3268.48
3532.84
2747.07
1566.86
3194.99
2131.92
3768.71
4129.98
3120.33
5642.62
5896.49
6032.48
5091.21
6641.8
3720.23
2620.14
3873.99
3122.41
4131.71
5464.62
4342.11
3314.9
3548.65
4157.76
3955.29
4863.29
3577.78
3605.8
2703.46
3659.59
3698.02
2861.16
1367.72
3001.32
2261.21
3432.92
2467.87
4238.32
5303.35
4656.24
4436.42
1246.02
4686.34
6348.65
4563.08
4315.62
1644.59
3841.92
2456.33
5017.33
4615
3165.56
2576.61
3598.78
4297.14
7746.27
1762.71
3703.81
7533.63
4963.26
4276.12
4643.18
2918.9
3723.17
5615.43
14042.5
2164.23
3221.24
4079.02
2703.23
4498.81
3317.1
784.842
3267.42
3999.57
2581.52
6228.83
3060.91
5170.91
3182.1
3415.33
5235.13
3151.31
6464.09
5577.67
5971.69
1833.84
3548.33
3784.21
5442.32
4407.12
6994.92
3110.33
1264.39
4249.13
2804.72
5145.5
4568.27
4019.09
4390.77
6696.54
3639.17
3490.86
1968.41
3942.37
1479.7
3388.62
1737.22
6631.96
5075.74
4530.87
3043.84
4291.41
7641.32
2514.15
4705.07
1410.53
3885.23
6157.7
1641.44
3353.93
3595.54
2330.66
2714.91
7527.47
3640.56
4284.67
3160.53
3602.03
2865.97
2402.14
4763.57
2178.73
2195.29
5153.8
2716.4
4260.76
3302.96
3956.46
2388.38
3482.31
2609.59
2791.9
4226.27
2779.5
3158.07
2597.79
3797.37
2519.53
4914.58
6626.43
3181.87
6386.82
2739.14
3532.06
2488.82
4878.58
3318.65
3012.04
4940.29
3529.18
2438.19
2103.91
2630.32
4581.67
3329.19
4447.2
1910.35
2997.16
4097.6
2767.88
4009.58
3665.14
3642.1
5164.23
6583.7
4717.21
3286.77
4504.45
2720.21
3525.5
2438.03
3405.96
5562.88
4762.32
10905.4
5405.33
3690.33
4644.94
4362.47
3163.75
4720.92
7283.3
3299.93
6860.65
2175.44
3720.9
6227.75
2557.27
5098.57
3219.77
4163.73
3773.86
2515.58
2677.83
3071.04
3598.73
3981.76
3213.06
3368.5
4701.65
2446.67
3819.34
5780.12
4474.64
4194.23
1739.13
2919.01
2743.68
3815.65
2445.47
3950.19
5048.58
3714.2
3702.05
4982.24
1966.56
2310.3
3535.01
1433.44
3235.04
3851.2
7119.03
4034.59
6647.72
2876.51
11622.8
1845.7
2090.84
4547.91
3171.26
4684.06
3429.86
4795.93
5725.45
4182.99
4504.05
2839.73
9102.52
2679.58
2657.37
4809.22
4276.68
3673.96
3712.21
3086.32
3051.76
2285.85
5999.85
5289.89
3360.44
5640.01
1814.79
2540.29
3223.95
6100.49
3927.69
3209.8
3635.48
2008.67
3055.72
5100.02
3473.62
3968.04
3513.86
3674.49
3379.48
3630.6
4422.74
2887.13
4446.74
5689.8
3267.65
5927.75
3766.53
7877.75
2414.2
9457.34
5885.14
2668.71
1219.32
2751.29
5142.07
3384.64
2246.85
2885.73
3363.36
3631.2
5054.37
2974.07
5415.36
3838.95
6472.37
3463.59
2949.19
3180.41
4317.6
2868.84
2617.38
4938.49
4148.03
2013.3
2461.54
2424.54
4504.28
1464.18
3798.09
3074.01
3037.83
2623.52
6293.82
6195.19
3414.79
3818.36
3689.54
3741.84
2103.68
3665.39
4195.79
3285.35
4050.67
2254.11
3778.45
1593.1
3443.68
4792.01
4660.2
2200.58
5600.19
3349.81
3457.28
3917.05
3248.96
3127.5
4170.34
4620.79
2639.06
3716.5
4285.36
5340.67
3642.11
1047.57
3381.22
5201.04
3103.2
4987.36
4590.41
3955.12
3508.09
6943.8
2840.01
2290.53
2438.52
4186.06
3665.8
3791.33
5461.68
2071.29
2657.04
7361.97
3759.83
5498.62
2551.68
3364.69
4177.73
3115.69
4201.64
3683.25
5685.68
3804.18
2633.47
3580.45
5347.84
6841.66
6117.19
4482.88
5233.73
2955.45
1656.9
2158.36
2784.65
5536.51
7123.15
3677.27
5781.41
2821.33
3251.73
4000.61
4149.94
2827.13
6393.56
3272.41
2804.74
4005.35
4110.36
3969.6
2060.88
2207.07
2375.79
3054.15
2501.81
3397.73
6662.62
3500.11
5569.18
6987.45
5085.62
3397.63
3870.15
6209.01
3271.1
5480.61
2854.76
3843.9
1745.23
3071.63
4935.33
3898.75
3391.55
3159.32
2590.22
3570.59
3901.72
1301.05
2405.91
6875.49
1887.88
2264.15
4373.35
4353.44
7127.99
5043.66
2740.98
4447.72
3203.28
3136.53
3977.53
11520.7
3130.41
4389.25
5604.32
5254.48
2024.03
3743.87
3443.19
3680.19
2581.73
7230.13
5218.91
3780.73
3261.5
3568.36
4432.28
4007.99
4648.03
3489.86
4178.1
5049.23
3429.99
5305.79
5018.64
2938.6
3280.97
3015.95
3740.28
6708.48
4134.95
2326.3
4372.83
3249.59
4184.24
4427.86
6689.94
4827.22
6492
5512.26
4628.79
1064.41
4015.22
2032.5
4676.26
3118.26
3361.81
2034.02
3005.41
3205.35
3607.67
3962.02
3491.32
5418.82
4375.39
2730.82
4844.67
4451.66
4272.8
10513.1
2082.55
5274.4
3859.27
2430.17
3447.62
4018.56
4813.94
4585.27
2999.19
3005.76
4376.34
7359.92
3000.67
3288.64
3832.94
7091.84
2838.99
5290.33
3625.95
3270.58
1881.31
4054.02
3320.36
3967.06
5220.78
5155.03
4754.04
2817.41
3918.9
3514.16
3084.45
6640.43
4051.56
3108.12
2956.42
6125.87
4002.47
3106.11
7257.47
4447.17
2979.81
5611.76
4839.85
4693.21
3142.81
3477.58
7460.68
4437.27
3202.59
9304.67
3588.57
3066.69
3573.13
3841.07
2192.3
6903.19
1599.44
1958.72
2907.3
6068.11
3366.2
6636.69
2712.97
2897.23
4187.59
3066.11
4959.28
1929.68
3263.13
5998.3
2929.96
2357.79
3224.05
2646.41
3983.13
2779.84
5660.85
1768.73
3612.86
2514.68
3899.77
4793.8
4144.98
4112.5
3774.47
4025.78
5890.08
7259.55
3537.29
6151.72
2727.9
3960.72
2992.25
1965.57
5013.5
4456.71
2215.41
4042
4014.23
3616.41
7142.16
3738.04
4198.75
4771.65
4059.16
3314.85
2885.1
3321.29
2648.53
2479.63
4135.51
4394.16
3772.13
4227.82
2276.92
3596.44
5435.26
4270.58
4098.78
3786.15
2856.34
4149.78
5208.66
3876.26
7481.7
4360.16
2718.25
3866.35
4606.52
1942.43
3723
2870.52
4341.48
9347.54
8131.5
2811.43
6096.67
1823.57
4230.14
3930.89
4175.78
1980.3
6008.82
9353.68
6539.72
5066.84
6048.03
3993.73
2117.15
3775.74
8532.07
3884.29
4877.89
4912.93
4272.3
3722.59
3232.53
4728.69
3414.89
4252.56
1736.73
3714.4
11945.5
3428.43
4682.37
3421.32
4133.6
1627.05
4236.09
3911.41
5219.16
2465.05
2630.28
3048.02
4137.55
2005.47
4415.5
2436.98
5226.78
6609.34
5267.7
3887.72
6258.56
4883.07
2996.88
3600.97
3882.44
3126.48
6592.57
6470.1
4175.78
4679.64
2246.43
2976.15
2348.16
3553.54
7805.15
3511.57
6029.72
4387.19
5094.59
4880.17
5088.02
4020.79
1788.55
3912.47
3174.07
2684.63
4299.46
2270.64
2786.03
2534.03
3731.45
3431.65
815.923
9213.26
2702.57
5705.05
2367.82
3754.05
4352.12
3724.22
3837.63
1899.61
3053.41
5529.96
3672.38
4658.51
2118.59
1640.98
1788.41
2786.43
3786.15
2299.21
5401.19
4257.69
3220.3
3978.98
4337.45
4806.87
2904.84
2491.95
2204.49
4517.55
5521.87
3646.01
2537.45
7898.53
3606.48
4303.3
2502.17
5014.19
5242.37
7058.34
4316.34
2193.11
2940.32
4477.28
2798.98
5414.86
4086.91
4643.01
3151.32
6387.82
3913.26
5549.28
2434.43
5729.77
4689.22
5776.57
5068.62
1866.3
4220.42
3943.14
1873.08
7569.7
3104.13
4223.81
2442.18
3790.13
5769.84
4803.72
3552.14
3311.36
3958.47
3594.58
6688.06
1974.59
3638.62
5989.13
5041.9
5655.69
5034.94
1201.73
6364.43
5800.35
4316.68
4232.78
3025.85
3283.42
3509.05
4196.03
7096.44
2901.43
538.628
3935.86
4479.22
6747.22
5193.65
2802.38
3444.84
2991.74
4988.52
2845.19
4142.93
5039.38
4730.78
2874.15
2378.4
8157.52
2836.32
3757.04
4228.12
2984.24
4555.18
6649.12
4665.06
5640.6
6950.78
2609.78
6520.4
3797.07
6973.54
4053.64
4015.71
4494.07
3415.84
7238.48
8668.51
3284.68
6098.46
4313.92
3300.33
3449.15
3312.76
7163.75
2216.09
4118.43
5646.65
6433.6
2712.13
2128.84
2072.49
3628.11
3929.61
3162.64
5031.1
2813.29
7225.85
3355.47
6124.91
3801.24
4980.34
6264.74
10429.5
2917.84
4679.53
3116.21
3449.41
5529.19
3683.3
6195.56
3169.1
5062.54
4476
2740.96
1727.4
1725.68
3311.93
2763.9
1908.02
4419.54
3632.54
4318.08
3867.64
8647.77
2913.86
4460.51
5765.01
2952.45
5473
5526.25
2981.49
3363.02
4330.38
2431.05
4447.12
3411.57
2256.43
4641.05
3722.26
3850.84
5431.39
6023.97
3998.47
3330.01
2719.86
3902.17
4238.56
3760.07
4584.56
4160.98
4369.08
2790.66
5020.94
3970.6
2647.02
2839.51
3432.11
2394.22
2181.91
3075.35
2415.32
4598.71
2716.45
3085.09
2067.45
1397.38
2901.75
3114.28
4373.6
4178.48
3794.4
2094.78
4693.61
4185.97
6963.89
5673.65
7370
943.968
2697.13
4865.27
5203.43
3528.53
1334.78
8491.25
4938.23
3994.28
6730.43
2646.46
4258.62
6600.69
4074.09
5672.56
2940.78
3851.15
3243.32
2053.7
1013.82
3939.35
4199.33
3904.32
3880.73
3448.97
2759.43
3327.84
2794.45
3760.59
2794.16
4818
3247.14
5762.83
2191.67
5487.98
2695.75
4511.62
3981.47
3717.29
3497.48
6241.48
3280.4
10905.4
7803.39
2520.2
4083.4
3426.02
3611.29
2870.39
2994.55
3405.11
5683.27
3018.55
3528.02
3899.06
2867.27
2546.02
2994.39
1469.32
4219.88
5053.86
3491.74
2590.16
1905.94
3297.66
3201.83
5584.13
3494.92
2401.41
3082.72
3136.32
3171.41
3331.83
4423.78
3048.87
3154.25
4351.77
4214.66
6826.01
6795.76
2734.67
2440.21
4857.32
3365.97
3563.05
3523.95
4522.18
6448.38
2833.36
3141.53
5501.48
3674.95
4545.78
2989.45
2539.88
6116.14
5271.95
2784.17
3145.96
2306.38
3433.73
3733.3
5757.01
4266.74
4405.89
6777.69
3745.55
4231.48
3879.21
3579.14
4650.42
2154.18
4181.77
3539.42
4577.01
1768.33
4618.7
2107.4
2803.38
3863.4
2427.3
3666.24
3580.31
4275.38
3158.24
865.206
2246.27
5244.41
2294.16
4492.23
2749.43
3763.57
3086.51
3948.51
6290.88
5718.76
3754.87
2861.16
2182
2744.2
4457.69
4263.11
3438.49
4611.55
4895.23
2576.44
2524.8
1950.54
4166.37
2868.97
3128.04
2501.61
3513.65
4000.42
2425.18
3071.09
4333.66
1924.04
2846.77
2996.45
4315.05
5264.78
1275.81
4280.75
9515.91
3029.82
4819.42
3100.17
4575.56
1911.57
1910.87
4035.44
4943.86
2850.08
3038.14
2622.62
3710.25
5725.27
6773.57
3341.06
3549.3
2338.45
3164.86
8107.59
4236.36
3700.4
2300.49
3479.78
4853.28
6600.99
1533.55
3447.48
2847.23
4650.31
3820.83
4753.18
4799.25
2417.55
4466.42
6294.21
3312.38
3612.79
3892.49
3268.59
3413.74
4844.81
5190.25
4936.71
3009.31
2555.99
6114.81
4977.81
1582.4
3154.08
3689.21
2731.15
3624.08
5893.42
4945.56
5757.46
2202.88
3687.61
5359.38
3297.93
4760.26
3115.75
4243.32
2035.67
4493.37
3200.63
2847.92
5209.3
2332.83
4247.3
4603.63
2463.46
4618.13
2177.58
3410.84
5112.46
2811.93
3157.48
7019.96
2651.9
5443.63
4740.9
6263.97
3223.73
3495.08
5645.58
2603.29
5528.7
9354.87
4389.08
6571.24
4194.45
4765.82
3565.34
4900.94
3799.81
2120.4
1923.52
2622.22
2709.7
4843.82
2902.35
3257.46
3786.45
4378.01
3584.18
2639.97
3883.1
4060.87
2674.63
4848.52
3553.72
3788.47
3726.25
2515.83
4561.07
5234.77
4161.08
4306.83
4804.11
2993.31
3477.03
3347.89
4097.5
3883.9
3569.42
1581.8
4394.48
2081.92
2059.49
4082.57
2816.76
4233.59
4656.25
6134.57
3230.45
3162.9
2628.11
5037.94
1334.19
4046.6
4079.26
3361.56
5791.45
2422.24
6781.05
3615.11
6930.48
4582.11
1629.84
1814.31
4158.2
4342.43
3903.81
4949.96
4664.7
3207.39
6844.7
4245.46
6732.29
3071.47
2917.8
3748.27
4011.59
3008.62
5491.27
2945.95
2863.64
2814.35
3945.03
4654.4
2117.96
6557.39
4350.5
4028.02
2254.18
3949.36
2762.07
4927.76
3584.79
2934.2
6458.19
6289.26
1838.43
1621.53
5009.91
5425.98
4884.62
3886.36
4761.21
2954.78
2006.91
4096.18
1370.43
4920.07
4489.81
3534.75
4841.33
2864.3
281.501
4019.72
2069.64
2580.43
5604.57
4114.31
4168.81
4688.67
6611.94
5529.36
3695.01
2360.15
2022.41
6713.04
4140.35
3047.55
4245.76
3888.48
2270.75
3766.46
3563.95
4471.98
5228.58
4082.04
2063.27
5471
1989.77
2944.79
2759.63
4990.1
3679.72
3550.03
3842.71
2928.61
4657.36
4761.52
3453
3602.21
5009.42
3358.62
2330.52
2705.25
4607.1
6007.44
3688.82
4123.34
2412.01
1850.03
3766.37
4201.47
3860.09
3302.21
2313.81
1597.45
3215.92
3030.29
5611.76
2553.16
2185.53
2849.15
4587.31
5344.07
3683.73
4744.11
5310.61
3795.12
4574.83
6249.63
6725.15
5492.36
5856.89
5364
4786.31
4279.34
4206.58
4612.78
5124.81
2057.01
3266.64
2285.1
2747.56
3369.83
3097.78
4384.98
12200.2
2070.41
2916.03
4742.98
4246.66
7240.58
4326.4
3001.34
5068.25
2480.67
7509.34
3379.63
3056.55
4911.78
4837
2796.12
3653.15
5118.3
5743.17
5026.55
4731.4
4520.71
2275.5
6091.3
4939.09
4745.84
3593.61
3013.8
5457.32
4592.31
3864.23
2018.29
7175.42
2163.63
2596.86
2432.71
3318.76
3595.02
4429.26
2681.02
3487.08
4690.31
4684.54
4293.67
1913.44
6893.78
5348.22
4188.02
4411.42
3385.07
4854
3663.39
2591.18
4722.81
1893.28
6022.64
1796.67
5154.09
4583.73
1465.71
9543.75
2128.96
3774.99
5576.07
3875.99
3038.43
5084.35
3543.53
3064.3
5109.69
3541.17
4416.23
3336
2410.32
5182.58
3279.72
4253.49
3874.84
2078.62
4317.49
2519.07
5432.21
3433.78
4632.46
4804.35
4583.24
2217.07
2469.22
3241.35
3630.11
5901.56
3696.39
9109.37
5459.12
1958.08
3793.89
6549.35
6190.54
4387.83
3198.71
2706.76
3003.81
7381.88
3500.57
3937.37
5034.53
5017.33
2296.82
3592.98
2334.6
4824.85
8671.62
3548.03
2248.22
9551.24
5285.58
3015.71
3942.3
2604.66
4655.11
2822.19
1420.73
3753.8
3946.38
4097.57
1478.71
2159.21
2293.02
3087.84
2094.61
3181.4
7628.45
3708.23
2357.98
3480.44
2322.72
4127.43
2941.57
2683.76
4108.49
3649.17
4580.31
5520.5
4370.12
694.298
4064.31
3686.87
2062.12
5052.18
6244.93
2934.1
5462.81
5790.69
8293.73
5333.63
4959.38
3135.81
3622.5
7427.07
6372.55
3947.02
6368.78
2760.69
4155.04
4115.25
2705.79
3691.32
1812.23
5396.29
3637.75
5639.05
3205.86
3966.18
2642.63
2378.66
4477.04
3942.55
4420.11
3661.48
5189.99
5874.59
2325.61
4134.75
3099.96
4769.14
2537.49
5159.84
4158.57
3196.79
1566.33
6512.66
4127.73
3414.2
5359.65
4529.77
3474.36
2500.78
7224.27
3382.29
5562.68
5118.06
3042.32
4247.46
3074.24
3012.92
5190.89
2916.38
2320.17
3881.51
4802.36
5358.78
5443.42
4917.42
1982.9
3620.96
3322.65
4242.92
2186.84
3689.71
1873.27
6039.74
3845.67
2065.21
4284.68
4234.42
4722.56
3577.71
6148.52
7221.61
3692.87
2981.07
2503.68
2962.72
2382.48
5685.73
2507.78
3141.96
3657.64
2824.23
3871.04
4442.92
4689
2285.18
4950.92
3744.07
3008.45
3869.59
3767.5
3227.62
4457.51
2788.25
4980.98
4744.19
3712.88
2382.99
2931.26
4420.79
2953.11
3743.48
3148.37
3823.17
6346.96
5961.34
1892.44
5908.08
2555.21
5601.12
2327.52
9248.99
2509.32
2479.16
3642.54
3299.37
2772.96
1586.8
4483.89
5890.24
4597.79
5112.09
2281.31
7376.39
4677.81
5464
2423.93
1527.86
3393.86
2605.46
3308.29
1930.8
2261.14
3740.62
3362.38
5133.44
4215.31
4100.21
4401.22
5352.69
6332.46
5468.1
3822.85
8345.72
5703.2
5085.36
2109.44
5236.1
2561.87
2134.83
2366.93
5947.95
2074.93
6681.44
5186.13
3469.93
2440.04
3569.4
3162.55
4290.42
3679
8307.82
3131.68
2134.92
3311.26
3842.01
2662.71
3372.33
5435.34
5510.72
4123.15
4641.58
2478.35
3985.09
3929.42
2560.48
3205.76
2224
5821.85
5505.58
4504.04
6912.71
2764.75
4145.71
1173.69
5323.6
4316.93
2145.51
2673.85
4029.32
3427.63
1906.54
3980.39
4790.56
5677.15
6162.59
5315.01
5108.66
2389.49
4605.14
3756.32
2525.6
8049.36
2621.11
4062.64
3472.78
3663.91
3935.87
2458.61
4180.04
2332.85
4985.06
5894.56
4058.76
5726.49
2534.33
8138.09
2562.72
3704.72
4329.56
3666.7
7122.75
4229.49
3518.81
3392.37
3153.65
1993.54
6864.29
4654.14
3873.88
3700.32
3226.72
4269.38
4853.99
7219.97
6303.32
5072.33
3325.07
1963.43
2673.06
6252.37
6019.47
3885.2
2407.91
2210.71
2838.09
4045.03
4033.27
5128.06
3917.46
3046.09
5110.15
5315.05
3666.35
5808.65
4265.15
2911.3
4694.84
6179.41
5475.52
3158.47
3614.59
4606.85
3271.34
7474.17
4321.66
1618.11
4270.99
3959.5
3176.12
2910.45
2059.43
1908.98
2491.96
3624.24
2569.94
3799.65
3148.68
2455.82
4947.77
3483.4
3528.8
2399.69
2601.98
4734.97
1821.94
6617.89
2942.26
3366.18
3567
5309.62
2678.44
1643.32
4275.17
3714.62
3955.18
3716.5
3777.25
3293.56
7290.74
3256.48
2624.26
4361.67
7425.49
2020.52
3398.24
1888.25
4798.01
3123.03
5442.48
5495.57
2181.86
2294.27
4032.01
4684.13
2771.31
3544.21
3569.46
2846.25
3652.93
4188.98
5820.54
5022.6
3997.46
2895.41
7302.37
3747.26
2833.08
2908.23
5769.54
5230.3
2117.76
2248.49
4231.49
2499.19
5099.63
3343.83
5341.51
2774.55
5569.65
6903.27
2704.9
3491.19
2492.05
4123.36
1380.47
3802.2
7687.57
3450.62
3143.67
4317.61
3515.66
5622.19
4207.8
2591.87
4072.33
5388.42
4298.21
8696.99
3964.85
3467.28
4894.1
6892.86
3751.86
4079.42
2661.87
2233.64
5835.44
2613.54
2766.48
3754.27
1983.28
2539.4
2082.17
11546.4
4150.28
4360.73
2783.06
5996.02
7949.29
4767.29
2305.16
2558.64
3280.88
7009.46
3020.25
3523.54
4261.46
4459.79
2748.22
5632.7
5192.02
2959.48
3157.51
3030.83
1735.28
3508.78
3444.83
3917.07
2656.08
5729.42
4021.01
2273.23
4976.27
1266.04
5548.79
5051.4
2291.07
3345.34
5366.58
4277.74
3088.33
3660.58
5234.34
6105.25
4582.36
5541.59
5303.25
1542.36
3137.34
5558.6
3310.73
3398.43
2720.47
4733.92
5090.54
4036.36
3869.33
2554.96
3281.97
5237.97
3853.12
1143.26
4289.35
4559.4
3475.71
4769.72
4114.86
3033.03
8922.52
4213.28
3374.04
3148.24
5841.47
4802.2
2843.7
2917.46
1599.23
5713.87
2928.81
1958.09
3555.21
3507.21
13261
3915.47
4227.99
1815.12
3033.29
3480.05
5475.6
4367.23
3479.02
9310.1
3777.19
4026.5
1723.48
4172.76
5752.47
4112.31
2889.98
2167.68
4552.06
5253.72
2890.95
4680.83
3575.56
4308.95
5813.22
1647.45
2917.78
3439.46
1958.43
4840.92
2487.49
5385.63
3370.72
4863.61
5140.75
3343.78
1787.3
3370.81
3675.94
3356.18
4493.86
2839.55
3325.86
2795.32
3942.22
8333.63
3230.21
4726.86
5714.44
6912.54
3193.33
1593.13
2455.99
5490.33
3984.37
3979.59
4755.52
3305.64
4387.03
3296.46
2793.22
3947.49
3215.78
3913.84
2701.91
3948.38
3841.6
7680.16
2084
5031.67
4244.89
6502.31
1449.69
2707.82
6076.04
3948.07
4826.31
3380.72
3283.44
3836.04
4871.59
985.989
5531.47
1820.07
4034.76
6985.12
5983.18
4050.78
3470.37
4712.55
3671.2
4032.16
2711.45
2292.4
6943.51
4865.66
2518.59
2934.66
2553.96
3791.64
4185.93
4350.93
4041.26
4646.39
1497.37
3029.95
6039.86
4784.46
3957.57
3519.58
2740.91
5741.72
3864.72
2325.75
3889.6
1934.18
2111.91
5546.63
6174.1
5023.56
3038.78
1820.99
4201.73
4827.88
3253.17
3792.41
2141.81
1901.47
4117
2158.12
1854.79
4063.51
4274.24
3295.62
1265.45
3334.85
4298.82
11298
2695.57
7497.92
4973.76
4030.08
3576.94
1469.18
3907.34
3647.89
4257.17
7174.84
5438.16
3449.82
3346.2
2418.96
3281.07
4047.51
4779.52
3187.18
4283.06
6134.18
3734.3
4579.46
3512.33
4742.18
3742.35
1652.75
3382.36
3169.01
4413.09
5994.84
3090.27
3366.48
4535.96
6507.71
4282.11
2588.76
2805.91
3157.38
3876.05
2956.21
3827.59
5085.09
5476.55
683.987
4539.48
3276.41
2535.95
4647.38
3206.15
4850.98
4640.48
6725.52
3732.88
3576.22
5548.22
5507.62
1814.26
1850.78
1856.42
1681.45
4084.45
4683.97
4454.44
2295.85
4106.66
6665.68
3879.78
4190.11
4355.57
4474.82
4170.8
4616.87
3405.89
2965.66
4715.34
2525.64
3261.47
4724
4202.27
3731.41
4945.1
1449.17
4894.82
4398.53
4400.68
4156.44
2675.18
3395.01
3322.19
3436.04
5646.59
3877.35
3435.33
3067.21
3822.71
3372.43
5183.38
5851.57
3004.9
4605.23
2566.39
5060.46
2880.51
4335.79
4673.24
5885.68
5962.94
5174.08
4184.5
2210.46
4626.62
7047.32
6137.44
4638.25
3084.96
2977.19
2807.92
3266.73
3565.99
4725.26
3599.16
3179.63
6684.59
5040.84
1873.46
5566.19
8618.32
4173.64
4034.55
3426.93
2830.87
3251.48
4140.91
5310.5
5605.23
4482.8
5809.11
5278.31
7295.56
4756.67
5279.64
4309.27
4580.23
6303.94
4777.21
4158.26
7921.14
4241.7
4730.04
7264.85
2071.78
3936.61
2762.73
4414.18
3507.62
5861.38
3247.94
5677.14
4713.95
2205.66
4166.24
4126.36
2049.09
2162.39
5063.66
2779.56
4463.73
3701.64
5368.14
4952.36
3195.89
2908.57
2235.92
4395.61
4592.78
3135.96
3197.78
3089.5
3322.21
3938.77
2779.06
3573.56
3428.75
2799.92
4707.18
3898.84
3518.78
3009.88
3037.69
2826.99
3793.16
2617.85
4342.14
7070.62
4011.47
3364.98
2928.58
4264.1
5713.33
6651
2809.29
3331.95
4712.58
2786.63
2911.57
4196.53
2216.96
4578.79
4118.94
2155.52
3852.45
8264.27
2299.27
2638.22
6562.69
2368.18
3113.58
2990.69
3606.38
3376.17
3331.54
4485.9
3906.48
3014.95
4405.12
3319.1
4160.43
1638.06
5186.37
3045.05
4253.74
4186.71
3812.9
6790.32
3146.43
4415.36
2858.36
7596
3499.3
5536.65
4659.41
4860.83
2773.9
2579.38
4719.44
10742.7
3598
2217.11
3287.75
7829.83
2302.63
4307.36
6172.42
3765.63
2593.49
2523.26
4753.6
6448.55
2196.23
3677.19
2857.69
5370.58
5047.26
4443.91
4013.18
8941.76
2891.86
2561.57
5637.99
4869.78
3778.44
4236.58
4877.73
4326.77
5819.29
4013.83
5235.14
3821.74
4642.56
5815.67
4227.56
3797.88
6096.1
6714.6
4253.08
3453.42
4319.18
6371.62
3993.19
3451.95
3465.67
5219.58
5480.61
2994.34
3852.31
5472.09
2386.77
3215.74
4061.81
2749.16
3088.04
5347.22
4541.93
2710.05
3366.06
2639.39
3225.15
4527.23
3897.52
2870.26
3493.91
5287.81
2464.21
2087.37
3522.6
4288.43
4078.29
3039.53
3826.51
4285.48
9297.33
3641.07
8419.52
2314.55
3443.02
4597.11
3293.54
3383.19
2943.21
3574.57
2459.11
2291.93
2309.69
3293.99
4442.82
5465.63
4092.7
3509.58
4394.14
10725.5
3651.84
4140.72
3757.88
3487.72
6882.26
2895.48
4568.46
3917.93
4309.72
2108.54
2390.1
1884.47
1804.24
6689.81
2421.14
4151.51
4997.03
6540.87
5106.66
1618.98
2764.4
6170.74
3567.26
5110.08
2365.46
2891.87
5581.35
3141.1
4710.87
4149.11
2499.52
3638.42
2347.01
4293.46
7963.76
3789.45
3221.57
2598.2
2179.95
4481.6
3785.06
3718.02
5047.75
3095.29
4056.15
5620.12
2787.5
5943.81
3117.66
9327.41
4261.38
1900.3
7055.02
5621.45
5902.11
3496.71
4002.33
3898.88
3555.8
3366.8
1628.82
2244.59
2725.47
4803.9
2321.91
6878.17
5219.33
5658.28
4760.41
3608.13
4339.52
2786.95
2871.8
3483.89
1820.53
2569.34
2998.37
1956.26
2560.61
4112.6
1977.74
4751.43
3844.8
3694.67
2106.06
2576.49
3405.7
6880.67
5514.63
3758.91
2493.56
4456.3
5801.52
2130.94
6308.07
1536.67
3112.96
4060.51
4544.83
3440.14
5511.4
4630.91
4311.93
2239.74
1837.94
5616.87
4386.85
1353.48
2887.56
5525.46
2965.9
3126.07
5363.16
4017.98
3171.8
3122.85
3043.96
3210
2125.23
1071.18
4574.65
1989.59
3182.47
3644.1
4212.33
3060.83
4120.3
4854.19
2602.54
4025.43
5090.63
3321.3
5008.07
4064.07
6278.46
4360.9
3075.95
5118.64
3009.62
4421.61
4402.38
4675.97
2953.75
3730.63
3418.65
5006.58
2890.39
2964.54
7034.79
4321.1
3156.11
7032.77
3580.83
3476.52
4172.59
2140.49
4127.68
2895.97
5499.46
1654.21
8642.53
3293.63
6316.02
2576.96
5582.81
3766
3231.73
2807.26
3806.28
4964.93
1845.84
4047.2
2002.97
3775.2
3255.4
2897.12
3163.17
3477.44
5299.03
6188.97
4742.42
12170.2
3647.73
3283.27
3934.03
4724.92
4167.21
2240.64
5448.36
2826.97
5032.27
5853.26
3919.98
4342.85
3638.69
4031.31
5403.15
9326.28
3718.96
2642.72
6726.08
3645.06
2686.58
1951.13
4431.58
2848.49
4928.45
4184.85
5454.48
2628.17
6005.7
3171.66
3853.86
4690.65
2387.06
1471.36
5306.35
4264.9
4796.32
4576.61
5986.43
4457.98
4134.57
3106.85
7601.79
3498.04
5504.83
4094.4
2619.05
4878.33
4624.88
5520.18
4045.87
5113.83
7551.16
2853.74
2451.11
3494.39
2287.19
5212.87
8430.69
3991.73
3600.23
3795.5
3757.25
1839.86
5092.69
8333.06
5234.57
3637.29
7792.24
5005.89
3481.52
6183.42
2450.07
4238.37
5143.54
6867.12
3655.6
1726.57
2830.05
6268.42
3895.98
4843.42
5220.65
3552.11
4846.57
3688.72
6104.23
4541.13
1412.7
2875.43
4881.89
9766.59
3586.54
2339.34
5096.28
5065.81
4629.79
3310.33
3168.92
5493.01
4115.09
3043.92
4739.14
4262.86
3234.25
4418.05
3277.1
3218.29
2797.71
2468.17
6418.72
2927.84
2688.68
2197.39
3138
2702.08
10821.6
3097.71
2677.88
6084.94
3754.34
6127.65
3730.41
4604.7
3283.33
2642.56
3160.79
6202.91
7669.45
3304.88
4324.68
3057.09
5948.55
3611.55
4522.69
2666.89
2796.93
3204.76
2654.54
1631.36
3496.93
4708.86
6295.39
3570.69
3062.89
2147.56
8755.21
2619.98
4082.72
4740.85
3837.92
2888.34
3585.19
3228.39
4432.73
2033.19
2732.39
3799.15
5494.95
4124.22
4563.67
2589.39
3136.34
5376.2
2335.84
2660.27
3131.03
2622.82
2333.83
3430.11
4033.17
2599.31
4516.64
3013.75
4055.39
2467.92
2983.83
1679.1
1626.9
3881.38
7160.34
3657.07
5071.47
5663.36
4195.33
8974.71
2352.98
1909.06
3673.9
6665.76
7807.7
3935.28
2967.14
1620.99
4223.94
4041.71
4235.38
2781.71
2869.95
2222.61
4816.63
2965.71
3282.14
4203.03
2524.91
2317.63
6779.37
3844.19
4180.1
4107.56
3623.86
3718.6
1846.37
6216.4
2381.81
1434.6
2794.47
2445.36
4757.48
4285.87
2965.16
4041.83
1811.39
2773.16
4371.48
7154.19
4010.19
5588.2
3138.96
6775.1
2726.95
2740.96
4465.07
5472.41
2657.17
3321.84
7341.76
3172.24
4104.07
5088.61
4526.96
2980.41
3555
6665.89
7910.01
4686.32
3285.1
3138.42
6025.33
6568.08
1567.99
13845.9
1659.09
1885.74
5360.15
3728.31
4172.16
2597.47
2401.11
11309
4232.44
7146.17
7318.02
3666.03
4694.37
3030.06
6221.2
3727.17
4263.61
3417.54
5352.58
3918.63
7132.43
1803.18
6297.93
1561.61
4772.09
4549.16
5288.24
2569.29
4645.62
4344.25
5488.36
3883.27
3935.97
2913.25
4018.19
4004.94
2279.94
3804.26
2095.95
3097.14
2120.8
5183.14
2872.43
5189.21
2904.21
5110.97
5189.31
3945.75
3627.47
2940.18
6202.66
6338.48
6205.49
5565.99
4299.92
6692.19
8660.02
2409.25
1284.57
2234.79
3827.35
4020.74
2642.68
5309.66
3821.65
3119.27
5752.26
4609.97
5453.26
2796.62
4243.12
2718.7
3427.13
7539.58
3801.94
4626.21
2750.46
4373.18
2289.9
5201.52
1955.8
7405.62
3035.1
6460.32
3313.56
3144.27
6493.97
3924.59
2013.97
3926.01
3869.33
2512.22
6946.74
4631.11
4919.42
2869.04
2330.05
3252.13
2456.94
5667.56
3764.81
5422.71
5847.99
5216.83
6157.55
4692.05
2811.63
3545.95
4422.32
3893.99
4844.29
4318.96
3966.61
3616.36
3159.17
2205.93
3722.53
3131.6
3697.05
3141.64
4590.8
3323.05
4416.95
3594.88
3359.95
4848.01
4134.33
3131.31
2226.28
2642.03
5949.03
3166.15
2100.41
4743.39
3227.24
4973.64
3086.31
4609.02
4660.23
4662.42
2423.88
3589.23
3224.54
2849.05
2873.47
2600.43
2850.94
4026.68
2516.56
5852.37
3150.06
2837.16
3541.07
1747.45
4053.17
2720.93
2783.83
5125.13
3800.14
3386.66
1725.98
3272.99
4952.86
2880.17
2024.56
3699.15
4709.63
3151.15
3372.44
4203.26
5447.79
5153.94
2044.07
1891.34
4579.65
2764.03
5872.97
4367.92
3651.88
3888.39
3500.21
4518.23
8577.21
4464.51
3242
4333.32
6532.35
4138.38
4245.15
8831.03
4928.9
4209
2645.52
3034.66
2690.09
3048.35
2612.67
2832.95
5166.29
3163.99
2878.57
4997.1
3714.21
1562.5
2090.24
1872.99
3558.4
5312.46
4487.68
3389.7
3647.6
3437.59
3786.69
3248.74
4009.2
5710.19
7475.66
3074.12
4607.08
3052.43
2693.65
2115.55
2929.87
2491.91
2567.22
2990.02
4403.05
4763.59
1572.1
7264.67
3477.66
3550.43
2956.29
3874.54
3916.81
6897.17
3097.14
2608.48
2183.2
3078.75
2127.25
6272.12
2867.77
2303.26
1298.3
3734.89
4843.52
5152.86
2679.44
3470.71
3331.29
3258.91
4285.99
2210.99
4766.44
3477.9
4030.66
2312.98
3024.36
4023.47
3229.26
571.115
3910.5
2180.9
1866.19
5428.2
5559.51
4061.01
3170.69
2653.81
4952.3
4067
5047.96
3856.27
5313.77
2793.72
4924.76
6405.38
5601.28
8573.82
9235.51
4217.7
3598.35
4933.3
5142.42
5836.26
2741.67
5217.36
4396.36
5203.03
2907.5
3503.55
2777.66
1989.01
4043.38
2579.47
2425.6
3363.47
2855.14
2635.39
5121.66
4469.31
4957.49
4683.81
2166.51
3569.61
2587.68
3531.43
2134.17
4054.37
2799.46
4140.52
2703.39
2793.86
4382.06
2433.36
4201.58
2345.83
4224.89
2803.69
2674.7
3801.79
4570.09
3702.83
8158.37
6868.45
2950.49
2981.42
2836.15
3896.96
6711.27
5511.5
6225.41
8723.75
5493.02
4963.56
2447.9
3147.65
2925.99
2810.44
5954.28
4373.87
4730.92
2453.06
4673.55
2997.43
3779.78
3262.42
2945.19
4293.74
3707.22
6725.77
3593.42
3435.32
3310.83
3981.11
5465.25
2081.33
2130.77
4347.93
4214.35
2123.33
3765.78
3475.96
5942.24
4837.19
5779.6
2602.76
2263.43
4863.7
3805.45
2874.15
1941.58
4543.5
4135.37
3131.95
4110.24
2251.67
4295.15
3032.51
4815.19
4390.86
1925.14
3954.06
10340.5
4593.66
2641.84
3418.2
3783.29
5517.55
3295.63
2543.01
5927.86
2191.82
2534.76
4863.42
4193.78
2780.88
2796.9
4248.11
2748.7
4179.57
3259.99
5503.92
7158.48
2687.07
3394.68
4780.5
3295.51
7772.1
6746.44
5464.9
3997.04
2058.13
1656.48
2331.6
4164.3
5529.51
2720.76
3951.66
4658.82
4688.23
4400.08
3274.04
3199.67
4233.28
3782.97
2363.74
4835.72
2282.6
2150.8
4279.24
5269.65
4879.75
4600.37
5763.03
5880.27
5748.62
4050.18
6267.57
3930.95
2638.59
4506.49
3546.35
4611.11
2348.88
3557.52
4049.69
3489.43
2502.6
4617.24
4062.14
3547.29
3803.98
4192.7
3136.01
4815.6
4858.59
3721.27
2651.45
2778.06
9195.92
1374.69
4796.3
4294.37
3409.83
4365.2
5250.16
3904.11
3507.04
3189.75
3242.97
4465.59
3518.81
2267.97
3821.62
4636.42
2667.78
3240.55
4566.82
7392.68
2846.53
5524.46
6035.66
2787.63
3282.44
1544.98
2799.16
3265.1
5416.89
4315.85
9133.77
3731.88
3682.09
3223.93
3085.1
6098.49
1949.81
7918.7
3090.72
4851.87
3225.41
6637.62
2584.1
4765.15
6526.08
1339.2
3204.54
2639.31
2838.61
5124.64
3911.93
1786.66
4224.18
4227.41
2761.04
3859.33
6723.96
3132.34
3727.13
1265.06
4584.43
4035.07
2285.66
4313.43
4040.33
2586.61
4088.91
1849.36
5828.74
3551.41
7912.99
2956.29
4379.75
4267.36
3407.73
2922.84
10858
2995.75
3314.95
5793.32
3384.35
4784.31
5830.82
4721.43
3002.8
1354.65
3321.52
2521.01
5558.14
5516.53
4150.9
3954.02
4918.28
4085.97
6385.79
4475.13
5297.99
4935.61
3998.62
3334.47
4871.78
5580.73
7732.87
2338.63
3620.99
3003.97
3866.28
1669.01
3695.3
4392.45
4916.67
3957.39
3774.2
5035.8
2872.32
3254.58
5540.26
5972.8
2522.3
8978.92
4178.97
4235.56
1620.75
3850.63
2932.62
2910.12
4055.36
4006.89
4841.31
2914.44
6599.35
5429.13
3371.3
1857.41
4634.72
1872.28
4629.28
7618.84
5328.83
2195.52
4932.29
2683.36
6092.97
3026.74
4197.85
3923.26
2837.66
3154.15
3101.77
3969.16
7691.46
4238.88
1945.46
3955.94
2862.72
3140.82
6376.87
3155.27
4462.52
5130.82
6750.2
4302.66
4523.99
5999.3
2796.74
4708.75
4348.92
1629.72
1998.3
4917.57
3697.98
4307.25
4610.22
2906.07
2929.3
5308.08
3687.11
5846.97
4322.49
4712.62
6900.35
4280.88
2488.66
4660.78
4325.17
4515.34
7796.35
2158.32
4594.88
7102.42
4810.35
3162.51
2716.96
8139.19
1866.73
3624.78
3632.38
7170.49
2771.17
2846.06
3969.55
3586.45
2276.08
5563.71
4402.07
5567
9912.09
3722.18
5838.6
4255.86
2597.62
2514.14
5085.59
3845.76
2884.56
4125.39
5933.6
4207.35
2801.53
3654.94
5763.44
4466.35
4022.4
1943.89
2996.13
5817.26
2633.4
3978.1
2750.98
3408.82
2735.67
2442.62
5265.21
6273.41
9357.04
3524.27
3492.65
3139.71
2490.99
3366.96
4643.3
2304.26
2778.6
4325.78
5843.64
4072.92
6580
3388.75
3401.18
4347.61
2748.37
4209.02
3745.92
6860.06
6083.18
5823.03
2333.52
8491.48
2532.62
5347.32
8044
2991.63
5060.48
2592.41
3971.25
3677.19
2886.83
2027.66
4859.52
3181.29
3882.68
5170.51
3562.93
4127.18
3421.91
6093.04
3449.37
4508.6
6256.37
3387.15
8762.4
2710.88
4548.34
6130.46
2434.36
4095.38
5268.31
3495.91
2605.48
3562.25
1529.71
1353.79
2711.45
3804.83
3674.88
5726.39
4056.74
3465.88
3632.91
3630.5
2572.21
4755.53
5229.87
4534.13
3309.29
3096.61
5811.16
4495.16
2770.19
2144.61
2777.42
3703.02
4708.9
2852.9
5350.07
5555.35
3436.45
3613.68
3530.7
6443.71
2454.6
2918.5
3303.09
4151.5
4445.67
4193.15
2182.02
7323.41
4586.43
3355.51
4603.15
2156.37
3595.61
3709.31
695.321
7555.45
4358.09
2614.37
3108.55
5224.88
14134.3
2627.02
2842.03
4635.62
2752.32
2639.98
4853.89
7688.2
2553.82
3673.87
7307.2
4644.27
3874.31
2151.98
2980.06
2297.2
4202.41
4107.86
5082.36
5576.04
2202.82
5578.83
3981.84
5070.57
3108.59
2867.24
7054.8
3207.36
3344.63
3452.15
8218.76
2551.26
7267.58
3576.31
4671.11
3849.41
5185.73
4852.57
4330.89
5479.69
5967.54
1880.91
2161.84
5316.92
5113.33
5242.31
3281.34
3758.64
4739.23
4610.2
2468.67
3651.63
3511.83
3346.91
6524.19
6813.89
2815.69
4070.35
4576.1
3174.96
2046.39
3254.74
3142.26
5662.98
1939.21
5944.6
4909.36
4956.33
3756.79
2510.32
3072.4
4455.8
5414.69
5297.62
3155.65
5730.25
5656.7
2472.98
5537.66
3052.69
10683.6
4494.92
3577.43
2536.58
2237.27
2988.51
2176.97
4636.32
3804.72
2359.67
3164.56
4635.72
4157.36
3142.23
6095.56
5050.26
2109.59
3564.74
4714.04
3965.18
2086.88
4731.67
6116.6
3922.16
1790.79
4261.52
2627.82
4090.31
4058.75
3283.04
2637.91
4538.96
2751.77
3719.96
3875
2483.65
4066.03
2842.29
5655.77
3177.09
6144.58
3041.99
3145.3
3951.82
2296.59
4035.84
5033.51
4963.97
4082.75
1485.26
2446.98
5501.04
5184.72
4625.66
3525.45
3014.47
3930.2
3338.11
2769
2364.2
2582.26
4718.03
2353
3950.37
2909.6
2325.53
2721.93
4721.64
2751.11
888.302
4430.13
3076.76
6938.63
4305.76
3679.04
1649.26
2666.53
5556.45
3138.97
5792.01
4158.85
3921.64
3432.13
3992.48
3834.66
2051.53
3493.57
3819.35
3165.52
3785.94
3537.69
3207.44
4220.43
4781.57
6378.06
4673.86
4706.88
2664.65
2173.04
3835.03
2983.09
3596.18
6967.94
3422.31
3050.26
1988.35
1459.94
5748.78
6206.28
2729.51
3561.09
4552.28
5100.37
4425.72
4019.33
3944.18
3494.34
2221.92
2564.82
5264.55
3579.16
3293.46
4442.02
6242.23
4672.68
2220.38
3647.39
4394.12
4981.85
3915.58
4966.88
3655.56
7963.96
2874.23
2660.96
1919.7
4870.92
3645.46
2976.45
2432.78
2512.45
2584.3
3169.31
1824.91
6597.19
3468.63
4555.48
5447.76
4278.74
2995.98
4538.9
4939.95
3541.05
1865.24
2506.25
4909.78
7024.02
2798.95
2847.6
3588.37
2956.12
3143.53
4292.65
2898.93
2991.21
4090.07
5157.33
6213.82
2892.2
5018.38
5091.55
2657.79
4334.63
4503.95
3342.21
4095.65
4488.59
3137.58
3734.49
5318.11
3462.02
2804.34
2285.88
6681.31
4365.35
3742.18
5065.96
2933.13
3306.27
4655.55
5301.63
2440.75
3435.89
4735.41
3623.16
5130.38
2701.17
5344.96
4780.74
4132.57
3785.93
6065.36
1851.24
4695.7
3519.44
8069.25
3123.44
7563.69
1698.52
4353.6
2854.78
5006.47
3218.32
3167.17
2845.9
2220.21
3476.28
5843.62
1955.16
2431.59
3267.29
2433.81
2807.68
6761.24
2124.1
4161.75
4002.57
4768.61
4795.49
2913.51
2228.54
3578.33
2270.67
1309.09
4060.79
2336.44
3901.25
2779.92
2050.68
3399.55
4524.48
2433.09
2785.67
3637.65
3008.75
3586.24
5088.96
2690.53
4682.62
3416.99
4542.05
967.964
4275.5
3779.52
3615.76
3597.44
3293.23
5940.49
5410.76
4261.01
3037.47
3318.2
6061.1
5466.85
3515.29
4089.05
5361.7
2846.3
4201.39
3119.6
3547.41
3181.93
3115.59
4163.97
5165.38
2909.22
7538.69
4709.55
4045.17
3352.4
2020.24
4417.43
3378.11
6449.53
3695.92
3541.07
3100.05
5253.68
7046.02
7998.02
5616.78
2370.31
3835.34
1644.23
3070.91
4092.76
2860.37
2427.94
2748.93
3208.85
2661.53
2548.34
3819.88
1387.74
3084.59
3693.73
2201.26
3036.39
3996.46
2323.66
4143.39
4216.6
3143.51
3263.77
2300.27
3196.64
4993.12
4190.39
3766.99
4096.85
3222.84
6641.39
1408.96
4412.59
2317.38
5262.29
12967.5
1353.11
4704.93
2863.17
2218.27
3379.87
3834.32
2493.85
5848.02
2314.98
5459.83
2607.36
4715.86
5369.06
4719.78
1733.58
3076.64
3189.8
4655.52
3573.97
5977.58
3199.7
5355.6
3038.41
4942.81
3000.35
3463.7
3741.04
3579.32
4159.38
2736.28
4402.22
1572.97
3674.03
7240.99
4542.77
2102.04
2411.69
4314.9
3517.45
5831.11
3943.16
2623.35
6236.79
2628.32
7425.84
3240.03
5202.58
4277.12
3748.25
2163.25
6443.91
2743.74
7186.71
3089.6
4947.55
3004.86
6133.33
4250.2
4368.09
3142.05
3108.89
2730.14
4232.55
3864.26
2824.41
5156.55
1948.95
3735.74
2852.44
5057.77
7868.9
4697.11
3251.72
4840.64
3922.55
2591.9
3062.1
6143.43
4175.02
3712.71
3735.16
5149.41
4805.67
6212.63
3510.44
5110.93
6519.89
4566.66
4018.36
3310.95
3307.45
4203.49
2985.91
3367.99
3830.65
3327.39
2384.24
2257.37
4392.65
5084.2
5006.76
3864.71
5428.96
3970.4
4504.68
5613.14
4448.24
2665.26
6971.42
3537.91
4680.83
4667.61
3361.18
5172.55
5151.7
4910.52
4430.53
4866.87
6086.76
2045.63
5184.74
2235.22
5044.3
3801.99
2863.09
4294.2
3966.64
5895.62
4949.93
5046.94
3191.91
3767.39
4160.56
2693.36
2354.86
2787.41
4418.99
4191.82
3047.88
1860.63
3021.63
2024.04
2621.18
5250.21
2764.61
6757.87
4869.15
3745.26
3399.36
2662.19
3955.25
6926.9
1021.69
3414.35
3354.13
4392.71
4115.94
5582.44
3132.21
2009.12
5981.4
2159.77
4264.01
4482.91
4618.47
4958.69
2167.8
3269.24
2314.08
3918.81
2578.04
3220.1
3012.55
4485.77
3423.29
4772.63
3674.26
4323.07
3311.98
5000.53
1962.24
6011.44
1855.21
3697.25
3693.12
4280.85
2973.77
3109.61
2528.85
4269.62
4051.86
3212.39
4368.36
2321.29
4083.58
5080.41
4279.91
3360.28
3110.33
3332.17
4339.29
4787.41
3255.08
4235.57
2455.28
4948.74
3011.98
4853.01
4080.81
2256.06
3409.56
3776.41
8260.06
3232.91
3685.58
3563.54
3629.93
1963.59
6455.61
2677.08
3415.39
1888.87
9569.75
3695.02
4057.25
2936.84
3877.82
5897.08
2025.17
6458.55
3115.51
2103.52
2653.87
2922.82
2216.71
5312.63
2199.49
4109.3
8483.38
6123.9
4412.69
5966.66
1236.5
5437.84
4816.47
6230.82
2848.95
8287.42
2794.43
6603.55
3354.41
3197.09
4912.8
4011.54
3357.32
3175.47
2977.36
2999.27
5671.83
3338.44
6404.14
3142.67
2592.49
1960.88
6333.33
4726.31
6206.19
4318.84
5283.91
2677.13
3020.7
3900.73
6987.89
3434.58
3806.98
3102.25
3817.67
2218.75
7266.75
5739.77
5279.13
4498.77
2790.8
3055.77
1458.07
2050.93
2788.56
4664.13
3295.05
3098.97
2043.59
7745.81
7236.08
6102.92
2052.46
2949.79
3629.89
5439.27
1322.8
2889.1
3310.63
3871.86
6226.86
4289.09
3788.29
4319.09
3996.97
2848.09
2148.76
3368.13
1881.06
3346.96
6044.42
5008.56
4129.67
2593.36
3292.36
2455.64
2080.31
4522.12
2917.1
3034.52
2934.29
8852.76
4993.7
4509.93
5183.66
3935.45
3663.48
5031.28
5513.47
2106.52
5305.62
4616.74
2074.53
3508.37
1447.31
2183.99
4936.35
5244.86
4500.92
4155.5
5292.5
4295.1
3101.66
4665.51
2997.28
3770.86
4826.1
5109.55
4022.95
3626.49
3946.51
2281.58
2333.53
2897.77
3456.76
4844.97
2127.28
3417.98
5662.23
6958.79
2039.37
3814.94
3861
1228.5
4665.46
6167.47
4545.02
2690.27
7576.05
7531.91
2794.02
5218.69
4033.01
4384.23
3278.73
3643.94
3664.59
4067.74
2667.8
3865.77
4031.89
3534.44
2412.37
4414.56
3618.76
1503.64
4887.31
4399.28
2072.96
6676.47
2987.49
4150.68
2627.78
1954.18
6160.51
4175.03
2583.07
5116.97
3822.61
2250.21
5162.69
4567.94
5139.08
4445.06
4368.04
2286.96
3761.33
4151.48
1977.8
4081.23
2469.64
4344.34
2909.38
4396.09
946.543
4121.79
2232.06
4000.02
5522.3
3084.86
3959.02
3645.8
5286.03
3272.05
5850.53
6380.6
3411.09
3296.81
2210.53
5573.54
3567.37
1748.84
3376.84
3824.37
4783.7
3332.23
3253.25
2439.45
1772.12
2617.38
4429.68
2789.92
5041.55
2292.5
5948.18
2544.58
3002.36
2674.48
4048.42
2617.51
3358.92
2424.13
5032.23
4379.96
4735.71
2090.71
3202.36
6336.72
1639
7791.75
5857.27
2899.13
5551.51
5289.26
4552.54
9134.41
2846.92
2819.27
2826.19
4972.25
4358.41
2889.26
2654.41
1813.31
3680.83
4117.77
5895.71
1927.25
3806.79
2755.06
2391.29
2475.68
2841.04
3510.15
2820.99
3546.39
2483.81
2729.69
4134.84
5315.53
3321.33
4077.48
2191.72
6967.24
2507.63
6657.88
7100.58
5250.03
4244.68
3247.62
2791.01
1484.15
3781.48
6487.92
2474.6
2051.23
4409.25
6042.49
3500.23
3361.21
1768.75
2050.91
4679.21
4367.33
6347.74
3988.71
4670.38
9564.1
2340.24
4773.76
4860.63
4571.31
5480.65
1730.4
6632.4
2433.31
5177.87
3731.86
3969.86
5278.3
3132.24
3401.63
3615.75
2532.09
4324.9
3514.15
3290.79
3395.25
2456.6
4259.37
2731.87
7049.03
3854.5
5413.74
5013.2
2960.91
3724.97
3204.38
3121.93
2957.01
4360.95
4327.74
5633.02
2434.87
4656.48
2895.98
8503.86
6425.86
3869.94
3724.96
2538.41
4070.99
2491.36
1953.02
3872.86
2377.34
2327.86
7318.71
3494.39
3159.16
2185.47
4168.56
1891.17
4048.41
2995.54
4712.77
5388.52
3068.26
6005.67
5026.85
3602.62
3651.96
2431.24
4444.13
3122.16
3353.11
2650.97
4025.99
3030.56
4562.77
4255.01
3646.81
5224.82
2087.84
4672.74
3670.57
3767.94
6901.54
1915.51
2558.97
1551.96
7968.44
1578.17
3750.73
4881.13
3526.38
4636.5
8387.75
3918.62
2790.88
2736.78
3735.94
3617.61
5538.56
4113.43
3736.93
5445.39
3790.81
4060.69
3079.28
1875.05
4623.59
5298.27
2620.66
2817.52
4862.29
2213.95
3169
2221.31
3028.58
4448.53
4727.59
6251.77
2587.3
4196.18
2152.42
4889.24
2036.56
4148.24
5701.8
3638.68
3753.38
2756.54
3491.2
3598.71
2026.98
4937.39
3083.64
1459.75
827.47
4254.32
3947.35
4167.73
4149.08
2414.37
2606.3
3276.9
4627.41
4684.81
5131.32
4427.24
5065.36
3590.22
4104.3
2348.02
3162.92
3296.61
2347.94
4278.31
4477.16
2822.23
3580.67
3404.35
2545.55
3721.61
1975.16
5827.37
4032
5131.44
2964.7
3303.57
2570.16
3415.42
4265.63
2006.89
3935.44
7836.85
5228.36
2910.34
4535.34
4358.89
3871.21
8340.86
3987.8
6555.37
2443.72
3728.11
3985.24
4544.28
4829.66
4493.62
3168.32
2623.31
4921.98
3846.16
2416.39
2783.48
4186.29
1460.64
4748.47
4855.36
4031.25
5160.27
4453.58
2273.86
2549.89
3839.39
2404.65
2591.96
3057.98
2539.6
2988.57
4518.77
2428.53
5190.79
3409.37
4796.15
5074.9
5693.05
2017.78
3261.7
4478.47
4968.99
4370.08
3733.4
4281.41
4653.99
3315.43
4685.41
4483.01
6747.42
3330.32
6641.4
4873.61
2103.91
2171.02
2429
2647.15
5246.16
2568.62
4969.81
3330.4
4144.15
4232.3
6250.75
5435.74
5203.89
4176.12
2522.05
3777.11
3349.03
7131.49
5600.3
2328.05
5983.2
3452.24
3550.97
1875.38
6498.45
7553.04
3339.06
4075.44
4256.87
2158.44
2468.47
1965.26
6639.02
4305.62
2999.54
2326.64
3829.02
3038.66
4902.54
3267.54
2067.9
3082.4
4430.73
4563.71
2960.26
3005.9
1095.87
3873.94
3621.41
3439.08
3147.85
4874.24
3354.45
3662.31
5023.61
4552.49
2867.15
2064.36
3067.86
1820.12