540.189
1105.15
2115.9
2467.65
605.885
2810.94
2060.85
1339.4
3974.26
1027.5
1696.48
2150.44
2533.76
3684.55
1316.91
1831.91
1766.12
2539.03
3398.41
3.40E+38
2140.47
3.40E+38
2112.54
1361.75
3005.38
2807.8
1676.01
1841.02
2517.85
1787.83
2430.19
1739.22
3.40E+38
2613.33
1601.5
2041.42
2158.27
1976.42
1429.25
676.618
2479.34
1020.28
1805.98
3057.59
424.412
3624.28
3115.11
1062.57
2546.79
2543.68
1734.12
1719
2145.74
1529.2
2929.91
2853.43
3.40E+38
1825.58
2135.47
2074.74
2297.46
1609.98
1901.92
2021
2089.83
3.40E+38
3.40E+38
2146.19
2651.91
2220.56
2400.31
3.40E+38
3.40E+38
3.40E+38
1126.69
1724.58
2329.64
898.788
3.40E+38
1327.45
2042.33
1941.91
3504.35
1904.07
1644.32
1938.9
1882.34
1649.81
1434.84
1592.66
1653.95
2155.44
1997.01
1643.08
1596.46
2724.81
2619.87
3.40E+38
3.40E+38
2110.13
2846.31
3.40E+38
3.40E+38
1025.96
2375.13
3569.05
1139.78
1035.77
3.40E+38
1695.52
1949.77
2438.39
2140.16
803.25
1821.03
1924.9
1506.07
2089.7
3033.15
1289.06
1253.04
1046
2796.45
1577.49
2203.01
1918.06
2068.76
1290.07
3090.34
1726.91
2081.22
2494.35
1668.5
4198.66
2361.36
1782.24
2087.07
1125.89
1533.91
2405.32
1175.37
1409.9
1333.2
1779.4
3442.98
3634.82
1992.83
1322.71
2185.02
1298.62
2341.61
1665.93
2308.78
3289.08
2836.51
2730.11
2068.77
1536.33
1786.28
2761.72
2293.46
2605.7
2304.31
1891.28
2372.43
1883.69
2741.19
1729.1
1498.71
2722.32
2327.72
954.414
2872.78
1845.6
1315.69
4458.97
1614.9
1798.86
2714.86
982.09
2207.14
2055.64
2747.55
2192.02
3.40E+38
2615.32
3536.38
2933.21
2258.55
3006.3
2025.7
2644.15
1296.33
2064.26
2618.24
2633.83
2743.85
2455.8
3029.21
3.40E+38
1460.35
1058.77
2792.77
4196.75
2315.47
2665.08
2003.41
2537.29
2236.42
2080.1
2124.31
2765.6
3406.19
2674.97
1854.97
2389.19
2911.09
1486.07
2687.92
1832.06
3173.17
2143.21
1208.17
2882.65
2268.54
1571.72
1444.94
1978.61
2695.62
2330.63
2673.87
1974.47
2233.3
2235.96
1478.77
1494.69
1015.07
1282.66
2943.08
2353.91
3208.14
2339.73
996.584
2047.37
2353.71
2451.67
3055.32
3042.85
3489.3
1376.63
2921.7
2343.23
2161.84
2486.95
2520.63
1345.45
1983.47
2371.88
2022.17
2927.69
3076.74
3230.13
2028.04
2195.5
2988.55
2593.31
2707.99
936.257
2954.78
2031.93
2113.6
3621.76
3278.71
1969.92
2002.77
2346.76
2532.58
1766.92
2248.83
2426.63
1649.24
3047.27
2227.25
3119.72
2681.63
2100.74
1310.89
1369.64
2387.58
2444.38
2195.87
2399.94
2790.06
2684.14
2858.13
3322.06
3447.91
2120.89
2563.68
3463.62
3082.54
2692.63
2572.34
2081.75
2822.02
1933.19
2087.88
4423.47
2362.9
2628.65
1962.42
2891.09
2347.17
3129
2891.4
2933.37
1813.54
2503.56
2735.11
3.40E+38
3206.7
2375.29
1654.13
1717.8
1870.08
2666.72
2899.99
1651.81
1731.14
1624.56
3172.93
2798.82
2743.34
3516.42
2334.2
1774.31
2998.86
1818.81
3339.92
2215.37
3135.65
2103.27
2586.74
2687.67
2588.41
3923.88
4379.98
2416.7
4056.29
3080.18
2626.58
2961.32
2784.07
2565.64
2743.47
3671.7
1951.56
2601.08
2657.51
3614.48
3544.32
2946.49
4255.17
1521.35
3458.18
3933.61
3932.53
2273.05
2802.86
2357.18
4236.03
3045.17
3084.44
4650.08
3471.08
2005.42
3789.68
4605.45
2038.63
3713.19
3866.97
4887.8
4116.37
5280.08
3461.19
3583.76
3406.52
4722.29
3451.47
4651.02
3021.28
3738.11
3344.07
2831.47
4570.49
3505.76
2267.25
3251.34
2061.64
2103.05
5592.59
3481.19
4058.32
2999.86
5186.12
3939.38
3778.23
4050.2
4088.09
1871.79
1643.04
1870.93
2158.97
2736.73
2440.88
1117.3
4121.3
1453.66
2389.99
2751.41
1351.31
2718.1
2347.75
444.313
1414.85
2742.57
1559.54
2468.13
1255.28
1201.77
5460.77
3.40E+38
1956.35
1719.93
4185.63
1039.74
1871.29
1909.95
2977.45
3.40E+38
2540.39
2152.76
2229.27
1636.35
1686.49
1519.58
2886.83
3688.89
2055.99
2767.35
1989.7
2321.29
1381.45
1625.08
1630.63
1821.23
798.23
1717.98
1323.78
2105.43
1532.91
1157.49
1132.22
1669.62
2970.68
2563.07
1335.35
2895.65
664.965
1289.65
1677.22
1509.91
1419.05
1383.03
3.40E+38
1500.53
3844.28
2064.61
2085.36
1722.29
3.40E+38
2045.65
1493.44
2584.67
2170.51
2113.05
1709.51
1880.16
1356.02
1768.86
2139.81
803.275
2779.88
1863.17
3121.72
2420.54
3.40E+38
1694.69
2155.07
2751.24
2798.85
1069.34
1526.58
2023.78
1527.76
2451.88
3119.82
1879.7
779.807
2835.7
1254.7
1491.44
1976.46
1842.15
3.40E+38
2385.5
2308.71
2643.6
2538.51
1689.84
3827.04
2907.34
3209.7
3741.5
1605.69
2580.97
1489.89
2806.36
1693.74
2274.61
1660.54
3.40E+38
2964.18
2463.33
2839.54
2343.53
1893.26
1711.5
2480.95
3.40E+38
1852.38
2424.76
1312.03
2527.93
2262.91
1909.77
2309.26
1984.6
2656.24
1952.55
1675.67
3231.62
2271.77
1579.05
1884.69
1446.53
909.052
1595.13
4024.13
2140.5
2796.2
2109.51
3.40E+38
1554.6
2953.25
2292.57
1941.72
2142.09
2405.62
1207.58
2723.18
2244.19
1274.48
3282.19
2526.51
3097.63
1382.6
1775.36
1097.06
2280.4
1403.24
2287.56
404.979
2914.2
2643.83
1813.68
1525.31
2650.65
1616.84
2198.48
1951.86
2266.52
1683.52
3.40E+38
1927.11
2050.69
2432.94
2344
2009.24
1525.1
2061.12
2568.56
1135.16
2181.11
1292.34
2610.71
2258.58
2429.28
2848.05
3291.48
2919.8
1744.23
1975.77
2346.94
2171.94
2331.71
3076.37
1621.52
1644.36
2767.16
1106.06
2120.05
2828.85
2283.21
1989.94
2012.6
2226.68
2129.27
1892.07
2134.71
2539.99
3494.37
2673.04
1484.14
1684.87
2446.7
2504.48
2088.16
3920.39
2322.13
3818.92
1570.24
2132.94
1942.64
1984.35
2127.65
2244.89
3287.34
2470.61
1722.72
2008.94
1045.94
3142.76
2686.01
1765.9
1725.53
1906.83
2521.23
1482.02
3580.76
2179.75
3353.31
2937.36
3011.08
2132.51
2304.82
2095.64
2330.92
3139.96
2129.25
2629.17
1876.32
3338.9
3.40E+38
1993.9
2342.84
2581.93
1730.53
3075.92
3092.9
3017.95
2437.26
2401.86
3530.72
2221.6
2076.94
1331.58
2983.66
2941.22
2126.67
2064.94
1412.77
691.549
1553.84
2334.39
2158.26
3167.45
2576.9
2594.82
879.217
1112.49
4634.46
3054.99
1639.99
3051.59
1979.07
2694.22
3257.72
3877.69
3115.1
2310.74
2725.01
3159.37
2288.15
2565.82
3610.16
2171.32
2906.79
2311.62
3165.02
2208.79
2193.18
2621.96
2620.13
2653.29
3217
3563.98
3913.69
2390.63
3054.57
3154.68
2918.65
2485.61
3035.54
2652.78
2669.45
3001.72
3644.11
3647.98
2178.81
2195.16
3018.9
1494.37
2328.66
2057.59
1813.88
1593.56
2422.2
2382.35
2268.38
2030.58
2616.44
2348.74
2903.48
2798.46
2599.41
2484.38
2510.61
2371.11
2339.73
2949.32
2915.77
1941.35
3003.48
2910.29
3405.21
1706.84
2057.57
3372.2
2650.6
1820.65
1927.91
3273.75
1671.48
2907.53
3398.17
2065.63
3150.77
3797.06
2939.04
2451.72
2909.7
2318.23
2596.77
3020.74
3471.69
2943.27
1805.56
2188.94
2422.97
3137.99
3404.47
2792.55
3362.75
3157.72
5283.1
3711.22
2810.02
3490.2
4593.07
1287.63
1614.43
1954.95
3123.07
2131.69
4123.93
4342.12
4037.19
2952.35
3648.7
3890.36
2672.56
3222.66
7930
3406.69
5272.67
3515.58
3473.54
3550.87
4785.76
3292
2471.76
3456.54
2162.71
4932.92
3515.28
3912.23
4191.08
5454.84
3471.09
3461.67
2782.84
3558.99
3133.1
4452.61
6344.94
4522.9
3424.34
6274.49
4994.93
1504.84
16.8991
764.129
2498.83
2481.11
1742.23
1405.29
1617.85
357.978
1554.08
1239.12
2180.73
1293.93
2779.06
3.40E+38
2531.09
1976.01
1850.35
35.0436
2788.21
729.125
2573.73
2383.98
1417.43
1865.55
3.40E+38
1065.01
3.40E+38
2748.42
2490.82
1582.76
1226.13
1542.93
1528.26
1386.52
1850.24
3.40E+38
1449.31
2132.66
2204.96
1976.23
1200.62
2404.67
1666.29
1956.59
3190.04
2846.49
2234.14
1352.27
2858.65
3103.99
1430.67
1716.56
581.056
3322.62
3287.51
3249.34
3532.99
2598.51
1019.66
918.474
1604.97
5563.02
748.395
595.494
1675.43
1556.37
3544.39
3.40E+38
2864.36
2831.51
1705.42
2829.57
3.40E+38
1656.23
3798.72
1102.58
3360.84
1756.01
1250.15
1677.89
566.945
1881.88
2596.64
1366.73
2948.63
3003.78
1606.46
3630.24
1729.87
1836.04
796.595
1522.22
4188.7
1282.94
1682.84
2792.93
2097.87
3533.35
2884.82
2213.29
889.514
2571.57
2086.06
2155.52
1857.78
1535.64
2576.82
1690.3
2369.69
1835.91
1631.67
2353.83
1741.01
2124.54
2768.66
1377.41
3219.64
1681.86
2421.78
1474.35
2084.23
265.536
2939
2213.3
2159.47
1959.38
3178.72
1279.22
1025.42
2135.9
2412.98
1618.52
2670.91
2076.35
2988.49
2248.61
1348.91
1602.77
3009.83
1060.63
1970.52
2496.56
2588.27
2133.86
459.88
1976.9
1555.79
1463.47
1979.11
934.486
2232.61
2740.29
1723.21
2304.62
2913.38
1932.6
1988.45
1843.95
1223.42
2969.21
1128.46
2508.39
1303.17
2012.42
1440.76
1672.5
2786.61
2392.26
2996.71
2622.28
2409.66
1294.31
2830.02
1724.43
3023.71
2100.1
1781.77
2159.32
1166.16
2332.35
2650.6
1467.96
2557.45
1922.7
2951.31
2032.56
5014.66
3814.92
2109.39
2161.32
1258
3.40E+38
975.446
2519.45
2419.59
2277.12
1108.19
948.164
2194.85
2173.12
2652.55
2603.42
2408.36
2310.59
1630.17
2607.7
1368.33
1810.37
1562.7
2460.68
2039.67
3.40E+38
6499.62
1695.24
1857.45
1087.47
2032.17
2657.41
2554.04
1588
2155.21
2751.83
3259.93
1656.22
2851.23
2216.02
2291.57
2162.32
1366.32
2328.45
2273.83
2964.38
2542.94
2411.35
2733.63
2175.35
1875.8
1388.85
1623.91
1708.56
1427.12
3097.75
1809.72
2275.85
2539.38
1217.93
2179.64
2605.98
1841.29
2551.6
2483.33
1960.31
1351.53
2333.13
1171.48
1731.79
1159.75
2887.86
3312.26
2475.63
1720.54
2056.25
2691.44
1883.96
2653.87
2282.82
2433.29
2794.83
1392.17
2338.32
2085.72
2301.41
2048.92
2682.96
2477.03
2737.28
3251.1
3607.96
2846.5
3929.83
2256.15
3076.23
3269.65
2705.32
2201.75
2149.64
1406.38
1632.98
1546.11
2961.05
1633.88
1491.41
1687.48
1918.99
3160.48
2248.22
2927.07
3308.33
2047.31
3058.28
1118.2
2689.47
3109.71
2110.42
2374.58
3186.34
3259.01
2802.79
2469.32
2844.62
2532.69
2755.02
1748.43
1795.22
2130.8
1850.41
2617.43
2959.28
1405.41
2111.92
1597.47
1820.96
2012.91
2131.85
2138.44
2471.69
3193.77
3322.98
2109.4
2293.35
2990.84
2577.36
2629.89
2320.94
2879.75
3182.2
3408.33
4669.42
2848.52
2094.23
1986.62
2245.8
4117.35
1656.18
3486.69
3530.3
2994.92
2815.06
3501.76
2194.02
2421.46
3690.18
3125.75
3335.27
3753.34
1963.84
2766.87
2519
2364.59
2225.18
2554.14
2468.89
2423.42
1870.85
3547.89
3671.26
3528.25
3257.69
1639.21
4585.91
2903.42
4079.29
2678.34
2584.28
3763.84
3456.95
4210.81
4497.62
3749.09
3820.98
4014.25
3802.22
5725.52
6357.1
2906.67
3901.27
3117.28
2715.32
5367.01
3312.57
3776.59
4552.05
2340.16
4061.69
4110.49
4660.78
6313.11
5222.09
5129.2
4271.84
5450.07
4403.42
2888.61
4868.24
2462.26
1985.51
3.40E+38
3617.56
3936.71
3.40E+38
2661.59
1852.8
1188.76
1580.44
3.40E+38
3.40E+38
2109.7
1317.27
2068.05
1486.17
2891.24
1933.55
1688.22
2199.08
2375.46
2496.75
2806.8
1572.17
3.40E+38
2678.34
3509.62
3612.23
1604.41
1366.66
2087.4
3.40E+38
884.856
2101.86
1238.92
917.141
1746.03
3164.92
3.40E+38
2342.95
1749.43
2304.89
3.40E+38
3.40E+38
1604.04
791.658
1624.72
1314.6
4102.33
3009.26
2586.03
1278.06
2453.09
3.40E+38
1759.74
2015.99
1232.41
2376.85
1463.6
3184.12
166.896
2700.91
1642.53
2199.9
2017.74
1824.45
3.40E+38
3529.96
1925.83
2363.95
2427.18
1524.83
274.706
1655.48
3.40E+38
2230.08
1044.6
1905.11
2103.84
2543.36
2792.27
2163.97
3.40E+38
2296.44
2418.16
3.40E+38
2807.15
1319.69
62.9734
971.397
1767.87
1021.76
2435.11
2092.79
2145.13
3015.4
1240.56
1402.47
2122.84
3820.78
3469.87
2338.12
2626.19
1809.36
2198.03
1788.92
1646.14
3316.88
584.065
1649.43
2493.86
3008.78
1859.5
1271.14
752.832
2176.27
2257.44
1926.93
2100.34
1505.92
2506.51
2566.48
931.883
3707.71
1790
2192.7
1270.52
2727.45
2399.9
2840.89
1901.29
2019.2
1430.43
1256.82
2906.55
3307.08
2025.42
1344.66
1588.88
2078.05
2035.79
1735.63
3084.43
1792.82
2534.62
1661.26
2582.41
2027.73
2672.91
2617.95
1615.9
2963.82
1649.6
3016.92
1830.75
954.868
1739.56
1981.87
2231.85
1340.14
2028.27
1228.25
567.534
1639.29
1947.01
3810.95
1997.32
1680.9
2150.32
2839.05
1665.6
2742.87
1871.68
1603.3
2295.15
3386.3
3114.64
2605.98
1988.83
2868.28
2084.6
2358.87
1358.81
1873.01
1924.78
3237.04
2333.65
2119.92
2966.97
2079.04
2834.48
4358.95
2281.76
2764.81
2425.35
2356.97
3603.85
2146.76
2935.53
2699.32
2493.35
2654.22
1467.24
1894.15
2814.27
3182.22
1923.5
1498.18
1369.27
2266.85
1149.37
2311.05
1615.01
1827.68
1702.73
2143.25
1733.5
1812.33
3089.33
2751.23
1002.51
2240.84
1788.48
2527.75
1811.58
1486.67
2231.48
3121.85
2418.24
2070.29
2178.08
1593.33
1536.51
1417.04
1530.94
2754
1888.2
2215.52
2319.14
1807.64
1571.9
2077.48
2364.65
1442.66
1969.87
3005.89
1607.43
2859.94
1639.59
3015.35
3214.04
1819.04
2618.8
3139.9
1261.09
1773.31
1941.39
1806.42
2917.47
2499.76
2158.87
3704.54
2443.27
2364.52
5121.68
1290.16
3510.57
2747.69
3175.4
1913.58
2187.62
3328.47
1970.13
3465.51
2681.79
2936.7
2286.44
3038.55
1847.26
2923.98
2886.77
2185.66
2260.13
2485.02
1943.29
1442.12
2639
3344.66
2344.07
3367.49
1536.19
1622.61
3050.89
1997.58
2211.81
1972.96
3060.9
2453.25
2958.6
2860.66
2594.54
728.818
2282.41
2545.54
3871.46
3272.79
3244.7
2867.94
1506.9
3024.26
2559.21
2955.13
2632.58
2141.9
2756.02
2941.55
2848.93
3331.81
2395.67
2848.08
2943.11
2381.22
2516.77
2885.72
2741.34
2465.89
2913.31
1748.47
3647.05
3454.74
2942.26
3350.81
2767.09
2655.25
2723.59
2679.07
3016.98
3609.77
2960.64
2446.17
3765.24
1710.51
3713.91
3098.94
2240.16
2476.1
3850.83
2931.24
3190.95
3166.96
3401.1
2949.02
3389.51
7091.6
2359.25
3135.32
3597.77
3569.93
3950.15
3618.29
3697.33
3247.08
3698.16
3626.04
3381.21
3296.49
3521.6
4153.54
4136.49
4914.51
3801.95
4259.26
3722.1
5824.04
1726.39
4697.59
3705.32
3538.29
4028.71
4583.3
5867.53
5848.35
2024.74
3483.34
3705.49
4987.8
2758.44
4430.72
5829.52
4083.07
5582.24
6427.73
4299.53
5623.86
4819.9
2910.49
3008.53
3298.4
2177.07
870.415
1552.27
1690.98
1926.25
2452.78
2065.59
1440.37
2347.47
3.40E+38
3.40E+38
2110.25
1747.99
1873.88
2553.84
2823.98
2313.9
2287.51
2721.4
3.40E+38
1661.01
1502.73
1717.38
3259.84
3029.78
1733.06
1578.46
2092.85
2476.95
3203.42
2237.59
2865.24
3270.71
970.583
811.158
2442.63
2639.04
1619.97
2102.33
1377.59
2467.79
3.40E+38
2220.55
1250.47
1612.9
1179.92
1504.47
3269.53
2725.78
2319.85
2019.7
1895.97
2901.6
1773.38
2038.49
1835.98
2171.25
2157.33
1760.01
3383.99
1561.31
2274.6
3693.02
2097.15
2099.91
1329.67
2073.48
1974.13
3.40E+38
1799.78
1725.11
1554.43
1710.97
1496.41
2786.88
1362.75
2522.75
2602.59
2432.6
2619.31
1942.58
2375.5
4769.63
2086.57
2514.83
1082.08
1449.94
2417.31
2017.38
3009.95
1879.93
1694.38
3.40E+38
3.40E+38
1496.15
3.40E+38
1862.9
398.418
2066.37
1974.05
1581.17
1850.34
2049.91
1578.67
954.424
1346.34
2769.3
2005
3000.61
3481.08
607.13
1994.35
2364.14
3750.6
1100.73
2461.58
1406.46
2115.21
2603.73
1775.06
2172.51
2670.27
2953.03
1632.93
2467.95
2353.13
2653.67
1721.81
491.029
1517.21
2828.37
2059.95
1913.91
2323.3
1743.3
1200.84
1766.51
1563.72
2291.3
2061.27
1503.07
1577.43
1193.2
1772.35
2194.67
1669.7
2566.51
1273.56
2185.62
2312.5
1001.15
1889.12
1047.79
1391.21
2529.73
1978.3
2702.02
3.40E+38
2348.43
2323.29
1827.96
1998.24
2547.72
1226.24
1047.46
1607.65
1507.08
1976.81
1924.95
1173.6
1433.06
3869.73
1514.79
2877.51
742.726
1550.29
1335.39
1062.77
1410.55
1431.41
1802.86
2999.13
1971.1
1683.81
2844.74
2125.95
3085.88
1822.39
1889.01
1462.35
2041.77
3615.24
2178.92
2082.48
2436.68
1577.94
1784.16
1961.42
2086.71
5890.28
5408.65
280.839
295.454
2794.45
1800.59
2383.71
3130.62
1939.28
2033.1
2392.67
2962.77
1543.5
2802.36
2363.16
2932.81
3566.58
2389.74
1760.54
604.053
1683.37
2764.78
1811.57
1159.58
1447.63
2532.63
2513.1
1291.65
1974.05
1978.66
3578.52
2113.69
2886.38
2091.93
2664.11
2084.25
2434.5
1815.78
2942.86
2472.62
2329.13
1471.54
3570.11
2147.34
2660.78
1050.79
2133.23
2557.72
2111.41
2838.08
2658.46
1483.02
2425.93
2819.88
1301.45
3116.52
2256.84
3027.08
2525.49
1782.45
2178.63
2421.62
2067.91
1968.71
3404.68
2230.51
2377.62
517.987
1811.82
1429.59
2977.38
970.174
2653.64
2941.59
2777.1
1752.75
2521.98
2267.19
2518.64
1670.25
2077.02
1492.4
2374.76
3391.3
2131.08
1603.58
2732.47
3145.37
2162.2
2088.86
1756.02
1825.06
2653.33
2024.91
3622.36
2825.27
2190.6
2065.71
2948.57
3475.32
2186.07
2246.98
2276.17
2890.61
2594.11
2597.77
2857.46
1915.66
2591.36
3348.92
1190.84
1729.27
2502.45
3221.14
2277.62
3859.27
2647.51
1979.27
2457.8
2298.38
2260.95
2384.9
2066.93
2597.82
1897.26
1517.6
2360.04
2195.48
3212.57
2932.39
3017.53
1930.89
2592.56
1582.15
2189.05
3615.42
1226.31
3582.24
4607.58
2040.81
2700.58
3084.47
2753.96
2839.85
3767.02
2261.03
3368.88
3542.68
2754.72
2247.32
2709.91
1649.62
1723.88
2316.63
1937.33
2352.64
5750.75
3543.33
2428.53
1709.39
2573.41
2420.16
1890.42
3569.27
3282.95
2874.53
2065.41
2066.29
3025.17
2922.28
1782.94
2775.68
3853.11
4005.4
3322.73
3516.2
2224
2321.39
2047.75
2129.46
1644.68
3743.06
3271.04
1732.44
3156.34
2632.22
2997.03
4069.51
3302.16
2376.96
3531.63
3481.73
3146.2
3017.33
3243.08
3032.42
2566.83
3604.03
3422.45
3802.91
2862.71
3095.03
3462.48
3212.35
2894.78
2482.52
4399.04
3012.4
3413.47
3330.38
4804.71
3414.34
4528.29
4215.32
4095.24
4136.76
3488.61
4748.9
3337.55
2421.2
1724.86
3088.74
4625.32
3970.2
3104.91
3401.31
4612.77
3263.65
2614.48
3671.61
4446.39
4503.48
4950.02
5712.84
3432.31
2754.35
2081.38
2379.81
2799.57
6125.77
4556.68
3659.6
3172.15
5819.59
3138.17
4396.85
1559.99
982.92
2014.96
1051.38
855.821
1680.16
3.40E+38
2226.95
1558.84
2614.55
1425.35
1384.97
2932.32
1859.42
3288.81
710.037
3195
2805.71
2225.06
2120.21
1254.73
1393.57
2026.75
3800.36
2251.47
2893.63
1705.4
3.40E+38
3.40E+38
1951.86
1222.53
1231.97
1606.88
2995.44
2604.63
1975.83
1503.57
2617.25
948.844
1887.32
2302.5
911.528
1630.97
2166.68
1148.23
2415.09
2575.84
1777.57
2319.41
2191.77
1554.42
2917.33
1862.64
3.40E+38
1631.74
3.40E+38
2008.16
2627.78
674.496
1641.14
2582.24
3.40E+38
2081.2
1458.41
2442.18
1948.07
2282.23
2580.67
3869.79
1574.8
3024.66
1736.47
2058.53
999.051
3.40E+38
2122.72
1955.2
1976.94
1590.59
3007.08
2813.69
2172.93
2035.24
2718.56
3282.75
1922.98
1172.62
1229.95
2043.3
2383.69
1019.22
2470.82
1538.79
2092.18
1294.07
2248.42
2670.28
4736.35
1272.68
2299.14
1734.99
976.222
2445.19
2141.77
2044.56
2459.08
2912.53
1751.31
2290.3
2348.85
1391.71
1748.8
1881.24
1206.53
2208.79
2465.37
1769.19
1774.75
1241.53
3.40E+38
3166.91
2694.88
2246.09
1539.29
1645.46
1188.07
1537.13
2467.34
666.457
2001.82
2483.16
3000.99
2217.09
2308.18
1906.72
2498.24
2204.78
3.40E+38
1303.47
2063.62
1102.06
1414.29
2626.3
497.512
2236.77
3840.17
1995.88
2024.17
1042.43
1850.09
1974.77
2429.53
2171.64
2947.47
2007.56
1722.08
1270.83
1938.45
1434.73
1597.15
2199.15
1834.79
1411.04
718.827
1053.74
1556.58
2143.48
2122.3
1165.94
1763.92
2522.57
2013.76
1637.7
1092
2051.54
1727.09
2791.43
2219.05
1735.31
1860.02
2206.67
2275.32
2202.28
2366.92
935.413
1873.39
3.40E+38
2052.02
2396.96
3340.95
2753.67
2644.26
2134.68
704.534
1730.82
2400.58
1732.89
2657.94
2139.28
2555.32
1932.11
3006.75
2859.91
2023.51
2062.63
1720.35
2670.92
2632.63
4125.7
2078.69
2237.16
2418.29
2508.89
2202.97
2178.84
2843.46
1360.84
1251.66
1829.22
2493.17
1874.82
1605.9
2723
2922.8
1229.07
2499.1
1723.09
2671.58
2745.15
2544.16
1408.86
2652.41
1547.7
2552.65
2018.36
3018.6
2212.19
2405.48
1973.18
2782.94
1763.74
2296.2
1217.85
2885.93
3341.24
2179.19
2294.5
1666.6
1120.78
2611.41
3576.54
3317.64
2115.39
2359.46
3226.73
2901.35
2528.85
2746.62
1879.39
1843.81
2971.99
1922.22
2781.47
1782.81
2900.54
1477.14
1991.49
2383.7
2257.93
4930.34
986.331
2944.01
1826.79
2449.33
2938.1
1974.29
3431.63
2073.93
3520.15
2855.19
1891.05
2637.31
2198.82
2837.49
2228.76
2620.94
2366.45
1661.27
4726.97
1673.53
3556.29
2827.38
3855.21
3908.31
2245.81
2816.61
2822.11
3611.96
2923.94
2972.98
2142.71
1773.94
2130.11
1837.84
2453.22
2183.66
2476.39
2063.24
1971.07
3007.75
1402.26
1307.21
2663.86
2645.82
3020.08
2065.21
3240.08
2247.26
3028.04
2138.71
2590.27
3260.03
3194.33
3709.67
2936.54
2051.09
2785.04
2420.64
3311.75
2718.98
2586.27
2566.01
2331.08
3277.7
1938.06
2185.35
3836.82
3062.75
2932.69
2452.29
5036.57
5224.67
3261.35
2548.93
1258.38
3259.87
3588.53
2192.04
2499.24
3613.12
4263.08
3999.38
4311.71
1489.34
1564.55
4271.03
3563.74
3903.74
3109.36
4399.12
4736.83
5976.54
3033.04
5200.74
2781.4
4751.85
3177.57
4923.68
2851.96
4319.16
2995.31
3455.46
2886.01
3355.72
2491.48
2829.62
3948.6
5380.8
6462.43
6629.8
4279.19
4325.42
4863.04
653.343
2063.33
1654.21
1368.33
1344.53
575.583
1220.56
3.40E+38
2148.77
2277.47
3.40E+38
1530.69
3265.08
2653.21
1839.6
1259.2
2963.61
619.651
3.40E+38
1815.89
3.40E+38
1943.03
2114.15
2059.22
2098.51
533.115
1100.13
1982.99
2514.64
1315.07
2498.6
1423.78
2873.59
2020.54
3153.74
1576.4
1830.75
1313.37
1949.91
2725.49
3.40E+38
2710.46
860.509
2003
3.40E+38
2172.12
1408.15
1579.12
1709.41
3.40E+38
3327.19
887.915
3522.11
1856.84
2653.77
3665.13
1835.68
1962.07
1910.75
1438.82
2889.62
2427.3
2230.67
2434.61
1113.62
1775.96
1207.37
1868.53
4043.29
2603.9
1544.45
2646.85
1330.25
1645.63
1346.43
1345.58
1890.38
4027.84
2754.51
1488.92
2428.24
1796.71
2731.38
3537.7
1611.17
1632.47
3.40E+38
3.40E+38
3.40E+38
2737.94
2457.7
2041.8
1665.47
3501.81
1658.3
996.148
1473.55
2011.93
2024.09
2906.22
1279.57
2349.26
1872.48
2076.84
2147.16
1023.32
2695.26
2704.08
1431.27
1326.49
1529.7
1668.93
2300.89
2581.06
839.394
2345.79
2877.07
2326.2
1322.92
2142.52
2321.57
2526.06
2559.13
1724.44
2684.02
3065
1931.28
2049.1
1856.27
2182.37
1406.17
1940.58
1489.18
1888.94
3327.12
3220.85
2257.66
2895.32
1082.35
1594.18
3040.96
1589.84
883.6
2544.88
2731.17
1806.38
1944.68
1881.08
2288.94
1890.6
2224.04
2288.05
2504.23
2060.54
2678.92
2663.97
2682.76
1857.26
1458.52
2168.21
2748.08
2473.76
2518.04
1773.8
1835.11
2150.77
1483.55
3495.37
1863.89
1160.27
2777.85
2677.29
1825.57
1518.67
2294.49
995.338
1410.68
2047.41
1917.66
2188.93
75.3334
2490.88
2111
2648.6
2356.08
2510.05
1961.49
2594.95
4065.68
1539.4
2481.07
1870.66
1734.92
2184.65
1906.4
2835.83
2219.63
1534.14
1800.33
1943.99
2488.13
2754.12
2640.03
1274.65
1459
1785.69
1572.45
1154.52
4661.87
3.40E+38
1629.27
2418.19
2043.23
2913.95
1281.35
2545.58
2203.23
997.963
1744.18
2193.08
2020.47
2702.95
2308.1
897.525
2488.28
2535.3
3028.59
1884.36
2242.73
1612.21
1987.24
1990.63
3043.77
3806.47
2225.9
1185.86
2332.43
1543.09
1509.35
2529.85
1914.47
3320.82
2798.76
2687.32
2079.38
2213.2
2696.37
789.778
2979.04
2167.59
2669.62
1838.72
2817.78
2702.96
1577.09
3367.28
2111.86
2709.98
2503.75
3288.38
1597.23
2265.56
2640.91
2842.4
1669.69
2563.67
2341.33
2047.28
1915.76
2397.9
2511.68
3837.84
3746.43
2276.15
3363.26
3593.35
3057.21
1889.32
2244.1
1978.84
3529.66
2637.95
2690.72
2448.9
2347.67
2365.5
1684.08
3006.37
2958.59
2913.3
2946.48
2583.42
2496.04
2186.98
2991.26
2319.73
3398.11
2396.08
3175.34
2896.82
2370.79
1703.08
2581.79
2663.77
2496.86
2123.11
2497.83
2463.38
1479.27
2467.44
1283.51
2901.48
2492.77
2448.43
2579.3
2091.91
2313.7
1488.69
3748.86
2739.76
4003.21
2383.93
2467.03
3661.65
2644.34
2993.21
3103.32
2298.46
2507.71
3066.01
3341.56
3380.59
4192.58
1958.67
2513.79
2420.03
2545.57
2311.4
1813.14
2496.26
3118.49
1853.61
2752.7
2940.36
3309.39
1695.88
2483.55
5192.84
4293.96
3180.32
4020.07
2754.97
3110.99
3837.34
2724.54
3680.77
3771.03
3386.27
3445.82
3064.58
2882.03
3221.04
3118.42
3902.34
2641.54
3428.11
4001.55
3729.07
4277.14
3686.4
4504.07
3947.58
2666.55
4564.28
3668.83
3348.4
3187.05
3289.55
1784.76
4093.27
2979.75
4409.85
3806.43
2068.39
4540.01
2781.01
2529.94
4336.19
5339.41
4469.97
2813.27
3167.82
5215.02
5407.47
3438.41
5129.67
4228.83
2209.2
5890.11
3875.2
2565.02
4862.07
4625.91
6266.65
3802.65
5651.64
3525.81
7013.08
5292.48
3862.13
5754.07
4095.58
2187.83
1598.06
391.707
1894.45
1231.7
3158.22
3.40E+38
1617.84
1913.97
3683.19
1142.23
1299.38
3.40E+38
1596.54
2976.14
1395.04
2226.86
3.40E+38
624.915
936.202
3.40E+38
960.801
500.812
1707.39
1989.09
115.99
1635.99
1970.12
1437.56
1924.82
1333.48
2969.48
1905.75
1450.17
2678.01
2054.91
1041.82
2617.09
840.409
1589.99
874.573
2709.61
2284.25
1817.1
1961.49
2514.65
3.40E+38
3080.76
2133.59
562.16
2241.23
1840.05
2845.03
1296.66
1481.33
3.40E+38
1652.78
3104.69
2955.7
1719.43
1385.37
1405.41
3493.26
1569.89
3915.71
3139.6
3369.22
1837.05
2656.89
2128.16
3.40E+38
1982.21
2633.2
1391.22
839.243
1921.42
1588.99
3081.51
1825.67
1959.89
2171.13
2642.38
1885.71
3242.12
1110.39
1709.93
2208.83
1518.15
1925.51
2191.12
1429.46
2987.26
2125.55
2308.77
2073.17
1620.56
3.40E+38
2958.85
1333.97
3163.06
1290.76
2234.95
1551.41
2286.44
2319.83
1506.09
2770.8
3005.03
734.937
2504.46
2853.72
1212.21
843.005
1685.76
1569.75
962.802
2560.13
1685.95
3876.15
2371.55
1096.53
2016.57
1600.42
2889.59
2664.37
2480.46
1801.61
1607.49
999.489
2200.31
1154.54
2240.84
1820.13
3001.05
2507.14
3.40E+38
1283.88
1707.57
3.40E+38
1939.15
2429.23
1907.75
2317.16
2343.06
1562.16
1245.32
2036.63
4157.69
1988.87
2238.05
1746.98
1241.16
3699.97
1701.33
3704.31
1251.3
1738.43
1067.63
1621.28
1976.67
1110.04
2312.2
2528.12
1551.8
1468.41
1895.56
2674.84
2200.89
2332.23
2270.01
3.40E+38
2694.91
1650
1458.74
1968.61
2081.87
1776.81
2122.03
2323.7
1517.9
2069.29
3.40E+38
2608.42
2622.87
2518.93
4262.45
2251.93
2033.05
2477.04
2393.65
1477.2
916.987
2023.79
2128.6
1317.53
2810.31
3.40E+38
1359.61
2296.13
1430.02
1378.43
2059.78
2660.53
1085.63
2414.21
1808.66
2142.28
1876.3
2299.62
2654.04
2415.84
2518.41
970.323
2570.51
2487.45
2364.75
3126.97
2481.66
1460.53
275.822
2290.08
2458.81
2109.55
2251.26
2609.84
1680.69
885.852
2246.48
2122.55
2105.32
2494.5
1561.06
1890.89
1670.31
2136.79
2406.19
2377.98
3454.38
2441.23
2166.85
1758.68
2328.13
2075.06
2246.04
2335.44
1976.59
2222.87
2860.82
1572.46
840.003
2485.56
1889.6
1892.05
2120.69
1787.19
2354.66
2690.03
1692.42
2992.23
2508.21
2134.96
1515
2690.84
2344.22
1445.06
2735.25
2560.46
1907.2
3003.43
2923.41
3301.05
4219.63
1776.44
918.477
3017.73
2750.66
2488.7
1364.14
4063.3
2354.61
1047.86
2623.5
2345.24
2827.63
1541.77
1484.29
2067.28
2347.17
2282.38
1875.01
3156.67
1226.81
1967.31
2807.48
1750.38
2535.78
3092.56
1915.84
3361.82
2511.73
2529.44
1411.69
2010.86
2203.95
1777.18
3613.11
2372.05
1855.44
3011.88
2401.84
3262.55
1981.58
2770.92
3195.69
1868.05
1698.62
2160.46
2357.08
3433.33
2831.45
2656.38
3330.71
2773.92
2324.78
2192.35
3338.23
2112.39
2817.09
2630.93
2147.85
2034.31
2314.43
2308.67
2959.39
3119.65
3119.38
2251.08
4855.89
3865.56
1712.02
3692.55
2480.65
2385.6
2873.61
3028.27
2259.83
1564.61
2544.16
1585.13
2426.59
3183.44
1822.69
3097.95
1898.48
3340.11
3378.05
3495.34
1580.97
2976.25
2703.14
6017.77
3361.34
574.835
3128.15
1763.48
1934.65
2773.65
3166.96
3272.35
3295.5
2684.1
2765.85
4732.31
4620.88
1592
2867.42
3398.99
1997.81
3138.08
3286.18
3344.84
1816.37
3366.83
4059.4
2952.08
2087.51
3191.67
4805.35
2118.49
3465.6
4928.98
3956.29
3539.55
4000.99
3268.25
2047.07
2672.4
4652.46
1809.71
2576.63
4817.57
6140.39
4108.19
3301.9
5220.82
1763.17
6136.52
5163.39
3356.83
2092.26
5044.2
3929.38
3925.56
4306.04
5519.74
3744.94
5908.03
2281.16
4087.61
2483.21
3011.68
3546.47
2814.67
6861.72
1805.19
3371.08
3732.98
5313.74
3521.31
1841.27
1604.95
2118.3
1938.85
2443.62
2056.81
1761.31
866.884
1428.38
2360.49
3587.17
2387.22
3.40E+38
1149.36
746.896
535.105
1292.73
1824.77
2678.34
1770.49
2991.48
2213.79
1695.95
2375.16
3.40E+38
1926.76
2047.2
3543.87
1794.65
659.794
2293.16
3460.33
2375.19
2670.57
4060.82
845.066
2376.07
3.40E+38
2730.09
1047.51
1843.46
5140.06
6043.05
1739.85
1898.96
888.124
3669.4
2532.55
1924.03
2124.9
1156.25
3.40E+38
3494.58
2549.66
547.612
2397
2078.14
843.298
3.40E+38
2279.71
2899.29
3.40E+38
3.40E+38
1857.49
2020.89
1517.2
2766.81
1997.63
1614.77
2061.25
1851.46
2794.7
2054.92
2144.21
1089.56
1670.98
1710.73
2205.77
2838.98
2228.2
2140.93
2997.17
1881.41
3.40E+38
1926.23
2221.59
2250.56
2609.96
1455.46
2033.48
2189.75
2194.88
1625.78
2346.05
3050.68
1842.92
2268.61
2662.23
2859.2
2278.03
3.40E+38
1155.85
1956.13
1563.6
2280.09
2652.78
1995.27
1048.3
2232.88
1219.29
1238.43
1630.8
2326.79
2029.51
4665.94
2118.45
1622.1
1727.25
4439.65
1951.7
2535.99
2463.18
2169.3
1941.03
2236.02
2575.68
2353.27
2020.85
742.983
1047.06
1691.8
2300.17
2616.23
1867.25
1965.46
2187.84
2200.31
1268.71
2530.31
3499.65
3551.82
2983.72
770.014
1019.86
1600.58
2222.53
2762.46
2659.74
1756.48
1274.2
133.253
2944.6
2336.49
3571.1
2308.89
1750.73
3289.28
1680.78
1612.15
2639.55
1969.94
1783.85
2158.26
2083.19
2486.32
1963.57
2284.07
2543.61
1887.46
2197.62
2808.38
1959.48
2107.62
2890.17
2465.3
5536.9
3093.72
2187.37
1799.73
2654.69
1419.04
1136.4
2631.24
1789.99
2513.57
1408.63
2952.55
1487.31
2063.09
1144.57
3121.52
3108.51
1547.76
1644.42
1265.49
1047.94
1849.48
3.40E+38
2271.93
2407.05
3432.13
1179.02
1301.34
2626.35
2352.37
3735.53
2324.68
2367.21
2079.11
2202.17
2022.8
928.132
1820.89
1640.05
2827.29
2488.05
2021.23
2602.79
2601.75
2382.12
1418.25
2464.32
1702.38
2076.39
1929.16
2845.38
2781.62
700.353
1687.66
2841.55
1686.09
1901.16
720.086
2980.2
3.40E+38
1799.38
2205.55
1909.42
2641.07
2809.07
3705.12
2047.94
2923.49
2290.96
2365.34
1994.25
1919.38
2171.96
3558.71
2333.03
1581.51
1402.47
2350.79
2743.94
1508.55
2937.23
2866.14
2738.93
3386.13
1791.33
2590.65
2216.55
5478.81
2929.39
2497.39
3057.37
1844.18
1595.51
2223.1
1846.38
2507.97
2652.48
1915.56
3341.45
2049.69
2494.71
1909.86
3650.63
2651.64
3949.99
3355.4
2463.4
3559.26
2644.51
2737.29
2001.83
2653.9
1954.11
2246.27
3136.73
1957.07
2570.03
1834.44
3336.92
3071.54
2926.34
3498.77
748.55
1100.56
2611.41
2868.78
2301.43
3524.85
2311.21
1795.09
2798.7
1809.9
6056.49
3517.58
2828.6
3572.75
2305.05
2241.24
2973.7
1581.99
2566.03
2851.16
2243.24
2374.37
2137.13
2998.41
2595.82
3640.59
1866.88
1753.75
2133.46
3091.8
3070.33
3355.68
2723.04
2024.03
2791.33
3145.81
3093.49
2968.34
2567.1
1861.73
1980.88
2858.11
2383.91
1608.16
2642.13
2687.27
3132.45
2304.3
2152.29
2412.15
2937.1
2232.41
2968.68
1199.78
3457.11
3328.88
2431.07
2281.43
2798.64
2815.72
4129.03
4252.68
4378.21
3894.78
1448.57
2339.28
4752.46
3934.23
3166.44
3579.43
3252.11
3949.07
5687.41
3464.9
4861.42
1549.68
3588.54
4670.36
2833.25
4325.49
3042.82
4127.95
4517.54
3920.77
4009.35
4964.45
4807.64
1937.75
4771.19
2936.42
3240.35
3030.22
3741.41
1990.64
3820.48
3019.98
2082.82
3190.19
2494.83
2413.39
1497.43
2040.51
2714.72
1060.29
2221.1
1965.96
2319.89
4152.81
1294.83
1414.11
1873.84
2168.72
1899.72
1321.67
2301.98
2233.66
948.039
2266.01
1700.73
3016.98
1080.11
2505.5
1822.21
1525.66
2288.07
1415.21
1669.18
1024.6
705.745
2755.93
1603.46
2138.43
1491.14
1920.35
1953.07
790.145
1105.87
1420.18
877.823
2718.46
1750.08
2840.25
2225.12
2529.75
1725.76
2340.66
1645.51
2235.46
2160.84
1826.7
2241.22
3197.36
1151.05
3.40E+38
2374.04
3251.7
2754.69
2154.99
3219.34
1169.69
1673.06
1008.8
3.40E+38
2804.16
1756.09
1352.56
2079.8
1637.55
2124.41
1184.81
3.40E+38
3.40E+38
1574.85
1603.86
2220.12
4023.65
1984.93
2305.88
2158.96
1808.8
2183.83
1097
3.40E+38
3127.4
1485.2
3058.64
1572.79
3.40E+38
3.40E+38
1909.85
2870.09
3681.1
2031.45
2596.9
2031.12
1787.48
3.40E+38
3362.09
3.40E+38
2587.53
1947.94
1361.29
683.11
2402.66
2095.3
1533.7
1492.93
2304.25
1991.88
1111.23
1552.65
1582.68
1278.33
2600.8
1292.99
3818.8
3131.86
2012.86
2250.06
2243.85
1876.96
1778.66
2070.95
1405.12
2118.9
1952.27
1883.15
3396.99
877.528
2564
1756.12
2134.22
1409.52
3568.61
1034.32
2132.42
1606.36
1945.73
2140.34
1740.99
2675.43
3802.25
2073.25
1127.19
3360.07
1179.86
1551.25
2365.15
2015.91
2400.16
2657.61
2124.39
3325.99
1553.39
1714
1770.79
985.311
2493.81
2087.62
1915.91
2548.93
1427.54
3.40E+38
2260.66
3018.41
1011.52
1990.6
1958.5
2299.01
2048.11
2429.72
2223.93
2264.87
1605.48
2151.56
1702.26
2285
3897.88
1432.48
1306.4
1892.52
1014.67
1947.18
1488.54
3379.91
2358.08
1668.32
2564.42
2098.31
2499.17
2755.35
2203.08
2170.25
3566.89
1646.55
2950.38
1727.09
2577.58
2190.81
1822.7
2598.78
2450.91
2533.21
1633.03
2115.54
1751.51
2633.55
2394.45
2747.71
3056.15
3925.97
2437.26
1637.69
1909.8
1687.8
3253.62
2331.49
2457.39
1542.52
3433.22
2225.58
2390.93
2357.37
2408.1
2780.65
2881.62
2345.01
1840.54
3712.62
3031.37
1830.57
2266.16
2614.51
2572.32
2092.69
2286.39
1589.78
1201.62
2316.25
2871.78
1492.71
2908.68
2638.89
897.603
2689.2
1275.38
1460.14
3383.57
2668.77
2155.55
2375.52
1974.93
2577.56
3093.41
2715.61
3743.14
2772.51
2166.21
2360.83
2035.08
2152.76
3789.37
1817.57
2226.42
2899.46
2220.38
2767.74
1711.94
3150.28
1313.46
1761.15
2968.12
1964.03
2115.19
1781.22
1861.59
3328.41
2541.44
2741.91
2486.36
2722.52
2065.98
1734.8
2950.21
2313.53
3090.26
1744.83
2554.02
3092.79
2272.69
2669.25
2204.25
1880.12
2718.74
2812.43
2733.02
2563.38
2083.01
2637
4052.53
2342.59
2562.55
2911.37
2559.3
1588.9
2954.15
2947.34
3178.34
2768
2791.28
1899.22
2562.7
2344.85
1654.44
2420.41
2466.27
2090.81
773.173
2592.81
2547.71
2385.34
2615.65
3364.25
5173.62
3174.81
2692.65
530.928
3055.45
2015.66
2933.86
2097.78
2586
2231.37
2680.17
3639.86
2466.85
3138.54
2804.68
1908.61
3297.93
2744.08
1978.78
2309.71
3605.4
2551.42
2373.5
2704.14
2227
3119.61
2546.22
1568.05
2406.77
2617.99
2316.2
2691.68
3432.86
3184.05
2875.42
3928.52
3298.19
3747.97
3953.41
3091.11
3341.42
3164.19
3044.99
3568.71
3174.7
5208.45
3559.84
4109.65
7804.47
3904.3
3654.98
2852.25
3812.69
4902.92
4039.8
4166.55
2697.55
5721.84
2936.61
5503.44
5601.63
4901.78
3117.65
2247.77
6057.11
6751.25
5270.72
3176.23
2125.22
2109.69
1387.65
2229.6
1320.66
1464.85
3657.87
3340.79
1952.86
2303.78
2164.17
3.40E+38
1440.62
1316.19
2801.71
1890.28
2106.72
2222.57
3.40E+38
2100.21
2685.28
2427.09
2489.65
2235.19
2738.16
5310.81
1807.55
1590.09
2971.3
2902.13
2963.8
3319.14
2016.06
1307.52
2116.44
1085.85
1028.86
1414.46
1498.54
2712.32
2791.78
2576.01
4367.94
1746.56
2053.6
2790.31
2559.03
2510.57
2102.84
1347.99
647.546
1206.54
1451.11
1903.34
1870.01
999.323
5909.73
1386.91
1089.9
3.40E+38
1886.38
1637.22
2480.36
3.40E+38
1345.46
1977.1
1573.21
3346.61
1166.3
1618.37
2137.97
765.649
1401.53
1384.7
2987.52
3.40E+38
2104.48
2174.95
2612.5
3.40E+38
1810.49
1282.2
2138.42
2221.84
3774.28
2582.47
3.40E+38
2602.08
2125.46
2127.12
929.284
3042.64
2897.38
2549.69
1142.28
3.40E+38
3.40E+38
1605.21
3.40E+38
650.9
1007.44
1879.86
2022.95
1709.06
1299.43
2445.61
2245.54
1956.77
2319.86
2177.09
1365.05
1315.06
3185.65
1997.31
2015.8
2252.63
3240.04
3658.13
3366.39
1718.21
866.321
2588.13
2076.7
2864.25
3273.4
1797.06
2806.61
2094.14
918.319
2270.58
1451.33
1767.81
2442.84
1526.18
2191.74
1307.7
1532.06
1748.83
3035.44
2191.97
3545.1
3.40E+38
1503.88
2206.82
2045.82
2430.43
2192.61
1937.26
1861.25
1804.1
2252.68
2656.2
2389.68
1780.68
2415.65
2088.13
2596.06
3167.76
848.065
815.207
1074.09
1740
1216.57
1985.97
2644.64
1227.97
2489.64
1979.58
1671.88
2734.9
1984.26
1542.09
2875.89
1639.6
2143.61
2811.45
2464.64
1970.61
2539.28
2428.54
2082.85
2494.72
2065.97
2706.23
1114.82
2560.95
1963.78
2030.76
1647.35
1710.75
4072.22
1798.82
2200.06
1353.79
1632.22
2449.18
1668.9
2095.2
1776.93
400.538
2616.53
2228.06
1972.07
2160.98
2527.17
2132.46
3208.81
3449.87
2622.58
2590.77
1904.41
2619.31
2239.01
2221.19
961.579
2114.55
2714.33
1450.23
1922.2
1564.21
2505.32
3091.15
2812.67
1955.9
2156.41
1228.88
3599.89
1868.14
2514.17
1668.09
3888.63
2758.27
1232.97
1598.3
2150.11
2376.3
2181.9
2954.16
1631.75
1515.4
2557.04
4419.63
2208.59
1561.44
1981.6
2915.54
1388.75
2518.62
2143.21
3140.48
2134.59
3332.19
3.40E+38
1826.12
2973.66
2384.81
2264.5
2310.81
1491.5
1459.82
2284.83
1397.65
1903.39
4296.73
961.968
1849.71
2139.89
1609.8
2416.39
1550.84
2289.06
1746.82
2127.51
751.955
3686.93
2465.27
2073.33
3599.62
1352.78
1777.32
2251.03
2090.13
3805.52
2476.36
2771.36
1684.73
2679.86
1944.24
2746.36
2920.53
3348.85
2736.74
1891.68
2619.84
3187.28
3288.71
2489.3
2629.32
3844.17
2290.2
2006.32
3003.08
3157.25
2826.8
2202.95
3043.22
3234.26
2895.54
1525.77
2606.49
3184.3
2410.61
2512.28
3249.72
3461.59
3769.92
3582.05
1695.25
2526.04
2825.35
1335.33
2202.95
2525.62
3127.04
2587.85
1319.4
2579.4
1847.76
2257.71
2259.33
2214.03
2101.01
2242.85
2647.88
3793.01
3695.82
3469.3
2774.83
1393.3
2220.75
2593.66
3113.8
2536.69
3594.35
3403.96
3763.62
1273.43
3412.97
3995.44
3033.37
2238.49
2907.95
1857.64
3642.44
2456.84
2491.17
2683.86
2463.93
1941.16
4230.14
3613.12
2781.43
2631.94
2147.7
4071.96
2437.84
3853.15
7748.65
3684.21
3016.74
3370.48
4018.01
5097.64
3291.86
3674.19
4007.38
4117.66
4295.58
4248.02
5784.61
2117.51
3591.83
7533.21
3912.18
4518.27
1524.73
2471.4
4559.06
1901.96
3484.96
2943.02
3289.23
5399.39
3933.05
4626.74
4816.38
5943.2
4676.25
2424.63
5705.69
5947.47
5564.99
3370.41
4512.53
3929.5
6357.83
6553.48
6065.16
6175.35
5113.92
798.642
525.016
1116.42
1539.64
756.227
2468.75
2133.22
2646.39
2394.13
1844.32
2640.65
2038.5
2064.36
2401.36
1975.44
1974.17
2921.53
2240.05
1565.7
1483.24
3302.84
3951.3
1517.67
3.40E+38
2801.68
1185.01
1980.39
1538.63
2486.88
1458.12
1498.19
2274.17
1314.2
1239.91
958.975
2133.65
2913.98
2936.14
2285.8
1577.28
805.92
1789.96
2716.76
2308.47
1346.41
2216.16
2582.33
1271.95
2168.3
2901.04
3979.29
1720.96
2166.48
1442.89
2266.13
2884.34
1363.78
916.068
3.40E+38
2048.71
1519.83
2931.07
1989.62
2098.6
1370.08
2429.28
1495.59
1878.51
2040.43
1724.68
2212.8
1946.09
2572.6
3.40E+38
3.40E+38
1322.93
1676.31
1977.97
1968.8
2982.3
3.40E+38
3886.15
2314.39
2114.47
1712.52
3753.26
2435.08
855.866
3.40E+38
3.40E+38
2042.05
1980.02
302.559
2596.4
3.40E+38
3331.95
2932.5
2731.17
1236.8
1526.93
2098.45
3.40E+38
2226.07
1860.45
1474.43
2210.32
1996.57
1288.34
2107.06
948.2
1070.28
1807.04
1617.63
3150.66
2741.07
962.796
897.083
2369.85
1545.43
3701.35
3583.66
1355.82
2801.79
1627.06
2131.91
693.191
1885.34
1816.58
2100.02
2186.76
4540.41
1335.56
3.40E+38
2489.15
2771.71
3177.18
2196.04
1970.43
2105.19
2054.76
2862.41
2787.92
1932.92
1900.85
1410.79
1923.79
2288.44
3147.03
1555.12
2433.16
1221.29
2447.92
2997.65
2930.34
2286.72
2501.12
2426.21
1698.73
2770.72
1922.4
1868.58
2025.19
1722.43
2000.19
2561.14
2135.39
2200.01
2532.73
3633.84
2364.14
1365.52
1319.57
1704.02
2312.34
2506.84
2080.84
2282.49
1755.39
1407.76
2476.61
2426.71
3.40E+38
2136.49
966.908
3295.25
2282.37
1001.35
1446.33
1776
1977.98
1420.44
2141.94
2194.25
3118.01
2993.22
1544.28
2204.59
4126.14
1530.14
1770.99
2654.14
3068.93
2712.1
2679.96
719.542
1227.07
2332.6
2056
1156.88
1045.96
2203.54
3007.68
1880.05
1641.21
2765.66
4361.88
2362.29
2514.14
3051.37
2815.02
2216.91
2492.56
2199.04
1334.99
2580.92
1932.51
2011.53
2478.35
1973.65
3084.61
1297.74
1578.62
2478.24
1011.96
1700.33
2904.51
2698.58
1411.98
1459.83
2066.35
2578.77
1429.43
3436.63
2502.18
1133.68
1329.93
2822.49
2417.76
2705.71
1736.13
2005.53
3166.98
2956.41
2400.01
1091.17
1910.81
2696.76
2237.89
1762.54
3429.58
2600.21
2890.61
2794.26
2332.57
1861.31
1479.2
2409.41
3012.45
3250.02
2821.55
2620.56
1742
1708.66
2297.26
2422.54
2104.85
2930.29
2439.32
1917.52
3533.45
2896.45
3585.69
2963.81
2705.16
3275.85
2827.77
3076.08
2373.53
2596.98
2510.03
1895.4
1750.4
1536.88
2797.97
1829.98
1702.96
3217.69
2745.4
2120.69
2255.64
2414.19
2460.77
3605.57
1335.46
2056.98
2536.74
3526.07
2627.9
3.40E+38
2859.59
2449.21
2151.65
2188.51
1692.54
2142.94
2214.68
2920.71
914.345
2746.74
2554.99
2331.08
3153.81
2102.93
2820.36
2985.59
2462.1
2014.4
2803.06
2445.82
2134.28
2806.75
2170.16
3009.41
2843.95
3519.8
2210.01
2480.11
3205.76
2623.15
3808.39
2703.4
4550.3
3256.84
3211.86
3749.24
3799.42
7570.09
1129.6
3298.64
2397.13
2850.4
4212.4
3754.25
4182.38
2207.49
3485.14
3947.59
3742.01
4206.19
2707.17
4742.28
2680.16
4836.73
4340.7
4639.3
4843.9
3138.86
2250.68
3391.99
4522.35
2898.44
4462.32
2864.34
5384.19
3473.77
3695.21
4401.98
2472.63
2490.11
3532.73
2936.87
2951.59
2639.83
6897.1
2053.71
2180.4
1746.15
1713.11
1505.88
2229.41
963.401
3482.9
1409.58
1511.26
1846.85
1008.69
2479.85
2094.19
1314.9
1448.6
1670.19
2800.5
3.40E+38
3.40E+38
2009.47
2699.81
1231.25
2364.08
3.40E+38
1879.53
2571.85
2616.23
2246.2
2043.31
3.40E+38
1330.81
2210.02
3.40E+38
2230.81
1419.54
2101.06
2103.05
3329.2
3086.71
3633.25
2361.79
2000.3
2425.96
2075.88
1890.79
1984.12
1419.36
2928.35
2550.89
1930.66
1974.22
1892.12
1698.86
2885.05
966.94
1692.05
2413.92
2309.63
1224.23
830.906
1476.51
2485.76
1626.09
2098.55
2462.73
1686.12
1983.19
2764.68
1428.4
2675.76
2941.05
2684.23
1615.07
2156.17
2623.19
2034.55
3.40E+38
3238.46
3243.84
1506.32
1835.19
3247.67
2557
3.40E+38
2196.45
2732.99
2930.62
2008.73
2039.98
1666.98
2198
3420.62
2732.28
1716.96
3.40E+38
2759.41
3246.3
2880.55
2558.67
3.40E+38
2706.6
412.515
2009.79
1615.96
2848.82
1864.69
1625.73
2085.03
1625.05
1442.29
1239.86
1566.79
1743.5
1129.84
1831.38
3459.35
2075.78
3042.18
2298.25
938.748
2116.92
1913.84
3201.85
1239.71
1749.14
1544.29
3033.72
1080.36
2633.06
2025.12
2508.15
2542.11
1049.99
672.317
3718.82
1846.9
729.066
1661.93
2943.03
2384.47
683.47
1904.76
1636.53
1827.59
1125.52
2211.26
2388.77
1072.85
1554.55
1737.91
2876.74
1413.94
1478.47
2854.38
1153.48
1953.08
2236.17
1490.17
3110.5
2259.43
1222.59
1470.73
1732.92
2937.3
2158.7
2904.16
2056.46
1016.54
2782.9
2270.95
1774.38
2486.34
3016.51
2003.91
2173.11
1904.04
1843.43
2423.88
1527.51
1552.33
1788.32
1286.19
2039.63
1890.59
5591.68
1651.06
2466.48
730.729
2409.02
1789.07
2564.21
2542.41
5679.48
1089.08
2717.61
2494.61
1375.4
2521.85
1956.77
2499.9
2879.97
3372.21
2349.36
1059.09
1729.17
2422.92
1981.86
4468.9
2897.43
2483.48
1146.84
1734.49
2522.6
1314.65
2642.22
1821.41
2810.9
1734.89
2263.77
2438.61
3126.99
2147.74
1965.85
1994.11
2657.11
4156.53
2169.99
2237.78
2798.63
2487.03
2840.93
1010.55
1168.29
2453.98
3133.27
1769.11
2236.55
1626.24
1978.69
1832.16
2608.85
2979.98
2679.17
1249.65
1647.13
2270.94
1934.86
2922.84
2946.43
3367.6
2737.27
2417.51
2464.08
2442.92
1338.46
4054.06
2376.58
2098.54
3732.58
2289.16
1988.08
3038.86
4125.46
3386.73
1915.39
1941.56
2372.04
1804.94
1920.34
1953.16
2801.6
2078.62
2084.48
1171.81
1157.07
3154.64
2003.86
2414.15
2406.35
1251.69
2851.71
2884.62
1669.62
2300.16
1608.45
3146.92
3491.57
3282.58
2481.15
2951.63
2057.09
1882.79
2856.35
2458.03
1612.71
3052.37
2263.91
3496.83
3304.08
3169.12
2212.56
2490.74
3163.79
2425.98
2679.06
2816.52
2940
2878.61
2389.41
2074.1
5397.14
5704.93
5650.08
1806.92
2735.89
3703.97
1663.85
2822.61
3.40E+38
2376.37
2686.2
2371.22
2599.35
1531.62
2281.57
2590.33
1296.79
6838.48
3403.92
2482.12
2401.95
2624.76
2789.49
1571.48
2038.63
1392.93
2654.74
2916.88
3764.36
2713.04
3458.55
3966.21
2369.56
3025.23
3342.37
3809.64
2650.41
2835
3510.91
1328.79
4104.08
3266.26
3568.71
3799.7
3551.5
2406.99
5092.77
2444.34
2741.37
5802.6
4144.56
4410.04
4526.48
5345.52
4388.67
5556.63
3292.42
3641.27
3728.36
2781.01
5603.94
3420.21
2276.71
2738.83
3023.18
182.434
1222.5
2205.88
2411.88
1058.71
2272.23
3473.23
1395.05
3.40E+38
2548.85
1720.23
1703.26
1884.7
2651.3
1639.88
3.40E+38
3049.31
3.40E+38
2186.04
1144.83
1161.42
2150.91
5694.87
3.40E+38
1645.59
1683.24
1661.28
2330.55
1489.28
1089.9
6247.08
1612.78
3483.91
1296.92
2164.06
1687.25
758.848
3107.34
1779.49
2356.95
1479.96
1866.96
2165.97
2310.39
2690.64
741.093
569.836
631.685
1991.92
1084.69
3287.1
1778.79
433.685
1373.4
1615.45
2159.39
2066.86
1852.33
3.40E+38
2695.96
1538.59
1590.69
1502.15
1528.64
2474.86
3.40E+38
3.40E+38
2571.23
681.267
2400.7
2658.97
3362.65
2827.41
3134.88
2321.2
2938.45
2418.04
2437.07
2002.51
3.40E+38
3557.72
1098.45
1993.54
1191.49
2008.12
1401.38
1331.7
2073.25
1974.76
2645.07
2075.93
3.40E+38
2005.37
2601.66
2664.89
2018.96
695.379
1971.06
1232.93
3.40E+38
2732.08
1718.03
2232.07
1882.43
1985.65
1588.51
2394.23
2275.2
1889.47
2494.08
1972.52
3152.6
1512.45
3.40E+38
993.532
1450.23
1448.99
2002.33
2771.97
1852.48
876.854
1889.65
2272.5
3877.82
1592.69
1771.69
1796.36
2351.49
1702.45
2492.27
1951.41
2594.06
1710.58
2339.29
1198.49
675.194
2874.73
1272.69
2609.79
1842.06
2713.98
2161.37
2258.78
1303.37
2121.4
3285.43
2141.4
1751.81
1674.97
2199.35
1646
2178.94
2333.34
2492.35
1377.35
2825.44
1960.36
806.423
2079.04
1447.34
1369.43
2319.64
1546.7
2609.46
900.812
2481.7
2929.4
742.814
2239.51
1516.55
1881.92
2202.45
1480.05
2104
3219.16
2024.73
2453.65
2490.36
1332.37
1540.78
2000.99
1598.42
3048.92
3.40E+38
1522.47
2395.74
2706.19
1410.43
1653.77
1760.73
1829.82
2350.06
2042.16
2656.17
2470.37
2250.88
1692.14
1124.35
1751.06
2414.3
1112.61
3278.79
2052.94
1447.94
2515.69
2097.76
2296.64
2718.67
2088.72
2401.49
1636.53
1974.58
2548.64
1662.97
1892.43
2851.1
1887.11
2663.32
2379.68
1263.44
2008.39
1873.12
2776.9
2009.62
3041.53
975.225
2278.12
3671.24
2517.19
1513.53
2355.34
1294.08
942.529
1508.43
2274.06
1389.7
1741.5
2821.02
1854.36
2475.07
2343.16
2334.1
1597.23
1755.31
2092.54
1300.52
1658.31
2242.78
2459.42
2436.81
2685.17
2629.6
3048.51
1951.22
2276.63
2705.15
1755.35
1942.39
2144.46
1399.5
1858.35
3213.69
3125.09
2647.03
880.601
2874.11
2419.84
2417.97
2129.42
1916.94
2646.1
1936.14
1490.16
2109.16
1464.06
1909.49
3907.2
2456.03
1476.63
2309.24
2970.48
1926.75
1220.43
1679.06
1440.21
1530.27
3197.92
426.978
1371.41
2388.42
1512.51
2350.67
1778.11
1878.75
5313.02
2755.82
1687.67
2562.28
3386.74
2327.37
1927.52
2069.74
2362.04
2506.65
1538.04
2734.82
2011.15
2383.56
2219.05
2085.7
1254.21
3257.92
2760.69
2166.28
1807.24
2276.62
3061.3
2622.84
2942.67
2707.09
2223.06
1995.29
2770.97
2779.48
2545.94
1595.74
2824.57
2690.54
2669.02
2690.04
3057.76
2991.27
2779.41
3002.21
1869.79
2124.74
3505.9
2508.11
1896.2
1827.65
1431.42
3577.4
2563.96
2771.92
2999.45
2262.33
2323.3
2573.93
2576.64
5758.32
2768.63
2589.91
2380.03
3217.38
2974.97
3257.63
2383.34
3464.32
2488.37
3208.26
2532.57
3194.28
1910.96
2833.55
3427.57
3264.04
1845.94
2975.08
2037.06
3.40E+38
2645.38
3770.29
2679.44
4002.11
3052.92
3060.58
2883.67
3020.89
3873.49
6846.58
3625.61
1912.25
2002.6
2866.21
3121.56
3955.39
3299.3
2709.28
1946.64
3122.71
3263.15
3802.95
3253.9
3815.81
4317.05
1387.39
3534.14
3772.48
3322.98
2115.04
4414.45
4189.19
2858.87
4073.19
2241.73
3201.65
4722.63
4141.51
4512.85
4922.16
4022.58
5781.03
4581.03
1819.69
2369.04
3120.67
2623.09
3023.09
4674.06
3888.81
4111.11
5025.27
2300.69
3769.34
5504.74
4959.28
2870.74
5622.17
4806.39
4898.95
3294.11
3278.35
3593.25
6091.85
5362.28
1864.14
2716.76
570.066
2183.32
1785.13
569.763
2359.1
1194.87
2250.78
839.062
1495.78
1242.23
3.40E+38
3347.09
1598.69
2205.76
1489.25
2001.93
1978.37
2481.78
1483.58
1384.7
3.40E+38
2528.41
908.868
3035.16
2601.75
1671.38
1668.24
3421.37
2032.59
1957.63
1554.73
2808.19
1471.07
1532.25
2536.34
3041.03
788.648
24.99
2369.35
1220.53
1785.58
1280.36
2788.51
2424.01
1439.08
1279.37
1715.76
3.40E+38
961.839
2895.89
3063.98
2093.71
2080.05
928.549
1978.91
1466.89
1969.5
1756.99
3.40E+38
986.941
1359.56
2264.02
2101.87
1936.11
3.40E+38
2464.67
1943.36
1577.25
1318.77
1803.01
2007.38
2650.48
2054.51
1349.62
2542.52
3.40E+38
3.40E+38
873.109
1677.4
2207.38
2224
1790.44
2424.23
1654.73
2251.24
1682.89
3216.77
1588.2
1859.36
1881.27
2118.12
2316.83
1549.95
3.40E+38
2253.92
759.634
1080.46
2182.06
1510.83
1951.26
1441.2
2982.88
1163.1
3.40E+38
793.775
1469.52
1297.84
3264.84
3108.2
2199.71
3.40E+38
3630.35
2324.3
1094.79
1617.23
2918.45
2100.78
1143.35
1106.67
1472.34
689.233
1789.6
1856.61
1962.22
2047.76
2446.61
2115.15
1351.15
1408.76
1849.4
2056.57
2634.23
2188.8
1191.6
1987.71
2149.23
2224.41
1660.86
1840.73
917.943
1735.82
1843.14
3138.79
3655.47
596.69
1811.45
2076.45
1499.4
2446.4
3030.58
1601.46
2471.44
2268.11
4803.08
1738.88
2524.49
2632.33
1444.11
2284.47
2407.97
2875.52
2704.91
2429.92
855.49
1696.6
1217.77
1692.66
1687.81
2391.45
2372.54
4031.08
2998.44
2631.43
2721.98
1181.49
1573.59
1293.02
2294.35
1440.66
2368.78
1887.92
2360.97
1657.06
1975.21
1640.49
2073.11
1707.52
3263.34
2236
2043.97
2340.76
1982.89
2170.59
3741.58
1714.52
1662.82
2812.41
2397.87
1120.13
1671.1
3331.44
1509.76
1342.28
2797.29
2548.76
1695.06
1012.91
2233.33
828.822
2331.88
2806.46
2556.77
2690.28
1342.47
2228.1
1762.46
2295.49
2613.8
2602.48
3577.99
2639.61
3099.63
2840.06
1209.91
2135.03
2183.94
1383.19
2322.29
2009.47
1765.13
2623.15
2469.68
4325.38
3806.11
1458.24
2522.4
2241.74
2509.81
2091.52
3385.35
1430.85
1466.96
1120.67
1443.78
3007.94
2383.9
2417.95
2619.49
2004.43
1863.6
3557.05
2960.25
1683.48
1424.94
2314.91
2599.08
2655.67
3499.39
2885.33
3514.26
2415.42
1912.98
2673.94
2833.54
2454.57
1740.35
2579.81
2906.42
1944.03
1595.31
2060.62
2226.34
1740.49
2601.07
2616.77
1854.93
2478.28
3675.9
1826.97
1901.59
2869.99
1284.08
1863.71
3367.85
945.907
2749.56
2024.65
1527.74
2434.18
2094.48
2451.57
2948.14
3524.45
1450
2042.36
4674.73
3134.65
1959.39
2900.89
2074.42
2616.98
2860.38
2406.03
2409.16
1743.4
1718.81
2191.15
2879.79
1822
2051.21
2614.39
3073.68
1698.52
1789.1
2059.5
3296.32
2245.55
2101.41
3233.55
2855.13
3149.22
3116.66
2284.28
2757.3
1581.69
3027.47
2989.74
3198.96
2445.18
3525.17
3037.17
2805.78
2387.64
2784.83
2181.88
3326.54
1286.91
3114.57
3275.13
2550.92
2957.7
2378.23
2365.91
4904.67
4267.86
3209.46
2718.74
2815.62
2613.11
3199.13
2906.63
2412.68
2660.07
2406.56
2328.76
2774.72
2204.52
3653.26
3769.61
3131.47
2344.53
2406.78
1884.43
3053.71
2654.36
3104.95
3000.92
2836.18
2779.55
2567.27
3943.42
3241.1
5136.3
2235.25
3190.57
3194.72
3288.56
2454.67
2365.47
2999.69
2659.23
2987.26
3797.92
2778.19
2289.43
3082.97
1493.44
4510.12
3535.17
6520.28
2984.06
2317.58
4192.94
3774.87
5255.35
4010.72
1609.87
3650.55
4749.96
4141.44
3428.54
3226.36
3550.96
3360.9
4556.46
3663.55
4179.39
6050.16
3354.75
4569.23
5183.18
4903.64
5997.77
2510.68
5239.72
3354.77
5271.83
4050.72
3813.52
3203.7
2161.54
4877.15
3043.17
3926.41
2937.83
2790.87
7278.1
2682.77
2772.07
805.167
1685.03
2849.39
2461.56
650.66
2878.87
2455.89
2172.51
3.40E+38
3.40E+38
2064.21
2046.41
2344.89
1616.99
2598.33
3.40E+38
3.40E+38
1579.83
1748.82
1583.38
639.736
2231.45
3113.91
2835.73
2028.03
2877.9
2029.36
3.40E+38
2560.73
2214.28
3.40E+38
2432.01
2124.43
2270.23
2014.49
2576.23
831.935
2108.09
2266.14
1806.13
3166.61
2350.69
3.40E+38
1487.55
3.40E+38
2402.4
2460.26
1405.04
1725.98
1886.76
612.066
3.40E+38
1888.38
1453.19
1187.79
1973.09
2391.13
1850.72
2625.87
1562.1
1047.72
1929.19
3.40E+38
912.463
1867.37
2903.77
3.40E+38
3.40E+38
3459.58
2395
2385.19
1344.22
1890.25
2374.61
2287.5
1018.79
1792.72
998.558
1455.54
1309.47
1621.59
4556.62
1955.91
1753.39
2769.99
3.40E+38
2591.72
755.247
2606.26
1990.64
2367.92
2088.22
1861.62
2282.27
1810.87
3123.25
2227.78
2723.37
3606.45
998.032
555.846
1482.31
2160.57
2301.31
2996.1
2044.41
1562.87
2334.54
2254.5
432.747
2158.36
735.426
2230.73
2570.09
2187.27
784.935
1917.71
2804.4
1494.94
1074.63
3537.31
2621.1
1921.72
1063.83
1545.63
2372.08
1957.61
2525.82
2606.42
1681.04
1165.17
2325.45
3607.43
1034.24
1496.93
2393.33
1995.8
1052.07
1061.35
1419.79
1323.16
2498.77
2514.54
2374.23
3.40E+38
2275.54
2701.8
3037.15
1291.48
675.571
1648.27
1509.7
1605.37
1993.34
999.564
1456.25
2327.53
1983.34
1342.24
1275.81
3166.91
1939.97
2336.25
2367.74
2839.41
331.903
3.40E+38
2444.18
2009.38
2623.91
2119.33
2297.77
1652.17
1345.34
2034.4
2145.64
1835.21
2199.77
2952.34
2385.79
2590.59
3172.6
959.99
1764.24
2039.34
1129.62
914.445
2147.06
2351.59
2310.09
1166.93
1081.01
2001.68
2131.28
1918.87
2633.69
1943.46
2186.8
2875.73
2366.84
2706.26
2138.7
2183.17
1651.97
1715.25
3376.88
2121.1
2707.27
1870.69
1800.3
2207.88
2083.85
2247.58
2570.51
1922.67
2523.51
2195.77
2398.57
2428.41
3103.9
2117.24
2686.46
2372.09
2271.61
1679.46
2223.77
2386.19
2902.02
3743.5
1230.63
2154.76
1675.25
1368.58
1787.65
2501.16
1042.23
946.743
3832.6
1600.48
3103.53
2232.61
3418.25
1516.14
1682.2
2491.54
2797.6
2456.73
2482.04
2514.36
1870.06
2573.12
512.295
2409.65
3630.84
2989.36
2528.01
2492.74
2841.58
2716.18
2393.37
2126.37
2372.26
1717.26
1839.23
3167.8
2753.18
3184.09
2935.27
1408.82
2477.14
1425.36
3708.65
2711.87
3236.32
2381.53
2508.59
2190.75
4408.5
2022.22
3012.57
1619.62
1899.93
2643.33
1366.31
2771.74
2236.6
2578.03
1754.45
1982.88
1578.96
3003.18
2359.62
2026.1
4648.79
3019
3238.46
1597.19
3948.38
1740.34
2695.14
2620.01
3867
2107.78
2279.33
2782.75
2658.33
1768.24
1841.44
3322.31
1510.51
3098.59
2702.67
3231.67
3275.65
1775.43
2675.98
2287.36
2124.96
2859.79
2831.44
2419.2
2383.18
2664.24
3480.32
2402.51
2138.79
4063.08
2988.69
1997.18
2207.94
2546.27
3941.59
1785.99
3022.99
2241.19
2415.24
3788.9
3150.48
1755.15
2323.31
3251.7
1856.55
3293.2
4538.31
2654.29
2193.87
3372.32
2768.71
3157.42
1564.61
3741.12
2398.84
2614.34
3042.56
2052.13
3606.96
4094.84
4955.9
1136.18
3904.67
3119.07
3219.56
2491.92
2384.51
3566.1
5661.79
4648.78
3535.18
4455.16
2796.78
2055.72
4659.73
3356.15
3098.71
4580.01
3465.68
3445.5
3274.89
3610.77
2910.03
3502.22
2863.02
2332.83
2675.62
5402.82
6074.95
4835.36
341.291
1946.47
2864.22
1296.31
2024.93
1589.99
2264.19
1832.4
592.799
1369.91
1507.29
1793.23
3870.21
904.732
3.40E+38
3429.15
2957.14
945.148
1553.89
2061.04
1794.89
3.40E+38
2518.11
3.40E+38
1779.62
2281.34
1267.62
1705.55
742.631
2032.04
2396.37
1806.84
2575.87
3.40E+38
1324.77
2721.89
2636.63
2190.93
2112.51
1126.25
1976.03
2060.81
1596.39
2042.6
948.41
2754.84
1971.71
2492.81
2735.63
1141.98
2163.66
1339.29
3.40E+38
1068.2
2289.18
2605.64
4392.99
2218.76
717.687
2310.08
1947.7
1704.1
1508.38
2195.29
1451.42
2533.52
2014.11
1131.93
3134.35
2812.78
3.40E+38
1413.06
1218.96
2810.57
2214.01
1109.37
1678.57
3696.63
1866.45
1714.27
3.40E+38
3587.37
2040.72
1400.42
695.102
1776.16
1734.14
3.40E+38
2674.29
3.40E+38
1634.76
2006.89
3051.16
2004.29
1282.27
1464.21
1885.99
3393.6
2088.63
2032.6
1079.14
3.40E+38
2635.34
1590.25
3.40E+38
1568.12
2436.42
992.253
2340.56
1263.23
913.82
2012.1
1252.69
2398.51
2281.99
1476.68
2998.05
1893.36
1042.83
2221
2206.88
5337.91
1755.93
2009.22
2379.27
1494.85
3072.18
2385.71
1283.34
915.304
2839.09
1362.33
1557.68
1720.41
1751.47
2400.1
2352.28
1769.75
1683.21
1229.79
2123.89
1456.58
988.976
1817.46
2748.42
1169.54
907.066
2219.08
2630.42
3174.3
2750.8
2369.48
3552.49
2104.57
2178.56
2271.89
2504.09
1617.66
1631.75
2607.32
2307.48
3.40E+38
2767.04
1358.48
3343.87
1816.13
1676.51
2446.45
2610.68
2333.44
2929.14
2151.58
1818.48
2228.95
1524.5
1751.38
2052.28
1363.62
1697.25
1512.12
1792.66
1291.88
2176.4
2896.93
1625.64
2481.24
2686.82
1573.47
1797.6
1458.77
3.40E+38
2728.06
2212.55
2141.8
2793.86
1324.49
2507.39
2659.23
2054.26
2293.28
1981.69
1202.42
3872.54
2043.28
2313.31
2164.36
2436.18
1298.52
2772.42
2372.42
4517.75
1696.84
2763.09
1768.36
2001.03
2184.45
1318.6
1194.86
1982.87
2495.99
1670.18
1904.32
2051.7
2149.5
1372.94
2121.74
1477.16
1405.81
2100.58
2353.56
1456.18
2599.09
3249.21
2341.36
3616.29
1817.79
2618.71
2156.39
2131.37
2897.72
1689.67
995.877
2460.84
2116.76
3027.29
2832.42
2776.28
3279.85
1548.89
2185.34
3250.08
2855.33
2920.11
2239.02
2294.09
3293.27
2265.19
1744.55
2018.98
3450.81
3539.32
2842.62
1322.87
2925.65
3313.31
1714.8
2317.3
1509.85
2657
3078.63
2665.49
4372.04
2227.05
2158
3174.35
2270.1
2791.24
3026.15
1322.72
3096.75
1976.74
2398.97
2626.33
1817.78
2406.97
3153.95
3219.59
2170.43
4483.91
2582.39
2259.98
2165.11
2604.24
1625.39
911.857
2690.35
2868.88
2244
2612.42
2092.29
2457.84
2030.32
4120.58
5876.62
2530.61
2358.3
2885.66
2545.06
3457.63
2841.32
1897.01
2856.55
2772
2915.31
2882.49
3666.77
3172.46
2335.16
3251.85
1696.87
2040.18
3010.33
3311.44
3334.11
3933.21
1525.7
3375.32
2723.33
950.148
3574.17
3239.37
2569.34
2434.24
2809.32
3300.72
2868.31
2632.57
2766.64
2590.82
2551.85
2376.61
3095.2
4171.92
2899.35
2240.32
3565.36
3114.49
3884.18
2695.3
5111.17
3639.12
2159.4
3161.52
3667.14
3797.9
1717.27
3952.93
3844.64
3747.22
2505.53
5248.83
1803.02
3609.06
4301.47
4131.22
2313.95
4906.61
2840.17
3132.91
3425.22
3200.95
2602.96
4391.91
3002.49
3321.83
4957.06
4169.21
2928.05
2396.89
3354.97
2225.5
4482.33
2621.61
6365.1
2639.66
3346.57
3291.06
1843.7
936.462
2581.57
1295.26
834.713
2055.5
2668
2870.11
1192.33
2481.96
1855.3
2364.84
974.798
186.547
606.525
712.604
2791.25
2442.67
3.40E+38
1767.56
1840.37
3.40E+38
2176.62
1786.47
1894.11
1674.88
2995.86
2139.27
1724.04
2166.09
4257.68
1536.75
1810.16
3.40E+38
1544.77
2514.13
3.40E+38
1758.94
1775.22
2195.39
549.708
1163.7
2614.7
1938.58
876.778
2749.62
3.40E+38
869.152
1533.58
2270.77
3338.65
2782.68
1806.68
2117
1526.18
2821.59
2273.74
2235.57
177.543
623.457
2076.99
2433.1
1912.74
1742.14
2535.53
3352.15
2852.63
2087.79
3058.23
3.40E+38
850.308
3.40E+38
3.40E+38
1169.17
2271.11
1688.34
2775.32
3.40E+38
1184.37
1598.89
3.40E+38
3506.79
1434.11
3513.25
3.40E+38
1878.65
2005.45
955.276
1242.9
3190.63
1826.19
1998.66
2054.18
2736.91
2008.54
2378.47
2416.35
1174.25
2984.34
2306.63
1464.39
2365.45
2347.29
3197.21
3188.96
3.40E+38
1597.5
3.40E+38
1424.38
3519.81
2240.48
2756.81
1727.45
1703.73
1548.28
1557.93
1800.71
2448.63
999.095
1807.08
1081.49
1885.8
1636.71
2105.87
1366.37
2501.53
2188.61
2867.26
1195.21
794.198
980.511
2398.35
2657.21
2204.39
1149.56
2542.7
2406.53
2177.08
3.40E+38
2176.08
1336.77
1957.78
2050.7
2093.6
1752.72
1584.41
1014.86
1263.51
1793.11
2459
2404.14
1147.6
970.262
2468.91
861.489
2227.31
1588.65
1013.98
1121.36
1156.14
2906.72
3038.89
2096.79
1741.98
1768.49
2082.61
1463.36
2879.17
2290.89
2273.66
1680.72
1818.03
1437.71
2425.45
1804.7
2540.51
2615.95
3522.13
1750.92
3041.23
2030.38
2097.52
1614.88
2387.89
1878.25
2679.79
2445.76
1130.06
2586.81
2089.07
308.681
2006.14
2058.96
3152.37
2169.01
2079.96
2984.04
2046.05
805.224
1611.43
2620.79
2344.67
3169.65
1874.58
2614.55
2721.57
1057.31
1500.32
944.455
1891.36
2464.32
2290.93
1850.69
1833.66
1853.54
2184.83
1743.6
1378.18
1899.3
2492.25
2386.04
2453.44
1753.04
2306.16
3650.49
2777.05
2452.37
2733.27
3016.06
2238.08
3066.42
1693.17
2395.14
4450.69
1297.46
1035.3
930.281
2672.54
2711.27
2713.43
2468.23
2513.19
2415.81
2594.39
1986.94
1371.83
2502.09
1958.15
2090.15
896.671
1904.99
1940.41
2289.12
1154.48
1860.03
2148.17
2551.62
2086.01
2120.77
1227
3104.13
2770.77
2417.35
3089.53
1622.62
2122.55
3255.94
2815.12
2040.97
2370.33
3263.67
3305.64
2389.27
1961.94
2868.92
2145.01
1931.97
2390.98
1626.18
3355.73
3019.06
2172.94
2531.32
793.116
2576.12
3781.1
2657.13
2657.16
3540.5
1260.91
2220.84
1612.82
2368.75
3094.3
2884.97
2138.93
2662.85
2187.01
1166.69
2503.63
2553.24
2301.06
1841.61
1244.51
2781.31
2522.82
4352.57
4065.86
2468.73
2298.72
2560.22
1925.31
2089.3
2510.98
2918.67
1733.35
3476.25
1640.79
1305.21
2448.54
2648.42
2397.99
2826.85
3037.66
2289.21
2607.95
1931.84
3056.72
2658.23
2369.75
3689.25
2159.35
2943.34
2157.79
1283.5
2258.71
1540.62
1792.42
2428.26
2705.23
1693.23
3145.96
2530.66
3116.84
3075.06
2310.98
1785.68
2435.98
2755.14
3029.44
3198.66
2934.36
2119.98
1896.56
3211.44
2984.91
2535.32
2813.99
2545.83
2934.32
2646.91
3506.3
3271.45
2330.35
3218.15
2145.39
2101.16
3206.82
2820.71
2379.21
3830.44
3595.43
1528.78
3168.93
2893.86
3461.16
3012.95
2761.29
3320.13
3197.41
3407.57
3734.24
4454.03
4354.61
3309.56
4113.68
2987.21
4044.55
3834.83
4261.95
2155.72
4083.36
3346.79
2438.03
1760.22
3078.31
4241.86
2144.97
4326.7
1722.57
1480.83
3579.88
3646.17
3322.51
4152.32
3239.96
2927.41
2227.36
3440.9
1949.17
1639.71
3506.15
4863.1
2148.6
2658.51
2718.29
4778.45
3691.35
3172.81
2617.02
3297.33
5472.2
2802.55
2550.25
3526.96
4701.15
2990.15
4749.33
2750.53
2691.91
6343.04
5003.3
3614.67
2851.16
2701.39
1396.7
1659.79
3.40E+38
2401.3
1883.48
3.40E+38
2887.74
2215.32
1174.07
2941.82
2232.36
1997.7
2339.54
2670.86
2737.13
1925.04
2303.6
1370.86
1678.6
2288.05
1517.3
3071.53
1664.84
3081.72
1751.84
2596.68
1306.3
915.038
1000.05
502.459
1513.94
3.40E+38
3.40E+38
1516.46
1958.91
528.963
1874.72
2247.47
2784.89
3036.07
2252.48
2500.14
1107.78
632.266
734.513
1005.2
1484.47
3033.22
2321.84
1772.09
1191.97
2704.41
464.5
845.599
1703.23
3.40E+38
2477.98
884.755
771.059
2948
2129.76
950.592
2180.54
3.40E+38
2336.07
2877.26
1668.64
2133.7
2388.55
1756.67
2157.3
1375.84
3.40E+38
1727.99
1948.76
1447.83
1620.67
3.40E+38
4156.75
1576.41
1552.01
3.40E+38
1667.91
3057.62
1591.56
1466.6
1481.52
1738.18
3.40E+38
1936.08
4420.68
1282.77
986.549
2915.5
2264.53
2545.29
2464.21
2457.45
1762.32
2005.58
3174.48
1959.64
3493.72
1551.65
1833.78
1606.56
2324.65
1162.23
2718.17
1724.49
2811.38
2413.7
2228.33
2393.67
2215.84
2274.39
2087.87
1816.85
2643.53
1298.5
1771
2394.87
2862.07
2409.48
1049.21
1291.19
1769.2
2408.44
1182.6
922.932
2647.1
2301.15
2331.22
2111.66
3019.15
1640.8
1840.09
3165.01
2675.5
3211.84
1646.67
3129.11
2065.75
2439.13
2316.56
1568.94
1299.04
1798.98
1901.47
1543.76
2439.01
2059
3058.35
2986.48
1375.39
1378.21
2332.74
2545.61
2595.73
1274.57
1664.78
2018.18
2385.92
2551.3
1994.12
1876.11
2492.87
1921.76
1661.34
3.40E+38
2791.17
2315.86
2041.7
1819.6
1318.6
1543.27
5312.8
938.234
2408.02
1744.95
2246.09
2214.42
2188.1
2024.76
3461.35
2304.32
2472.22
2649.82
2482.34
1960.42
1951.47
2736.03
3156.61
1209.5
2231.67
3354.39
1948.66
1971.98
2253.14
2153.45
2253.55
2283.32
2608.64
2738.57
2648.69
3170.06
2818.04
3293.84
1671.63
1057.35
3432.44
1806.46
2071.37
1742.65
2352.74
2104.36
2255.52
1661.65
1996.48
3225.9
2392.54
1654.08
2380.53
1831.94
2495.85
2494.71
836.589
2207.79
2203.04
2634.37
3370.51
1149.87
2153.23
2975.18
2511.7
2511.83
1777.88
1980.46
2805.89
2779.97
2501.77
3188.41
1906.64
2177.26
2395.81
2874.58
2889.64
1392.72
2866.28
2351.24
2834.41
2270.07
2105.09
1901.11
2344.04
3228.97
3811.2
2406.95
2745.36
2182.59
2835.6
2815.72
2733.84
2541.13
3211.26
2713.87
2828.21
2464.98
1995.24
3146.87
5150.38
2361.05
3957.72
4070.62
2759.47
2649.51
3155.99
2432.99
1729.48
2959.47
3.40E+38
2454.09
2681.07
2155.42
1799.1
1309.05
2274.33
2926.74
1348.31
2031.96
2707.23
2721.58
2697.1
2696.47
2936.29
2547.62
3284.6
2105.7
3005.98
1644.96
2098.24
3281.95
2998.05
3351.84
3480.61
3117.95
3579.33
3490.06
2012.82
2606.78
2761.84
2530.6
2326.82
1680.86
3282.51
2347.4
2683.5
3670.25
1746.97
2001.92
3016.37
2718.4
3740.83
3174.47
2892.5
3862.52
2541.4
3667.51
4308.96
4301.04
1845.67
2337.98
2740.87
2504.53
4211.89
3996.8
4033.53
3580.06
2396.79
3214.77
5087.9
4141.92
3162.13
2494.14
3608.09
4508.72
3074.5
5305.85
4294.1
3173.84
3112.23
4696.34
1872.09
4489.35
3730.91
3089.41
4066.85
2081.72
4553.72
4809.72
7534.48
3741.85
7015.98
6371.89
7085.6
6506.87
4271.05
455.28
2037.04
1858.13
2358.1
2340.81
3.40E+38
1744.02
2162.33
2357.72
1180.64
3.40E+38
1328.14
2070.21
3056.6
3972.42
2861.3
2166.41
1269.56
1303.4
1959.92
2824.55
3.40E+38
1386.63
1836.7
2174.08
2639.21
1968.7
1250.22
1526.91
2376.45
5434.11
2591.7
3.40E+38
3524.13
1774.12
2251.67
2662.54
3.40E+38
2646.08
3392.28
1956.77
1452.03
1773.71
2042.23
1411.85
1573.93
1297.13
1530.84
1936.93
1149.42
2191.97
2304.48
3559.99
3.40E+38
1350.87
1846.54
5963.69
2830.41
2606.83
833.364
2135.39
2730.68
2962.15
2513.53
2131.01
2356.87
2592.23
2590.45
2617.23
2706.92
1788
1941.83
2817.39
1756.02
3514.82
1666.2
2410.54
1655.78
3.40E+38
2158.58
1389.52
2231.49
3252.93
2465.76
3.40E+38
507.715
1869.03
1602.54
2445.34
3.40E+38
2372.06
2669.54
4914.49
3008.01
1854.12
622.4
1908.83
3667.07
2433.36
2012.24
2406.76
1554.15
1541.15
1448.1
2265.15
2589.9
2777.41
1500.98
1360.44
1632.22
904.796
1421.22
1169.27
2408.25
1217.06
3450.87
3235.09
1358.81
1842.5
1842.39
2405.96
2650.12
1576.17
273.028
2087.21
2398.95
1662.88
2307.49
1575.91
1507.51
1812.7
2296.37
2089.88
3299.5
1603.16
892.237
2873.91
1020.55
1038.03
1671.51
2319.9
3087.16
3027.43
622.166
1678.5
1881.03
2158.88
2458.77
2490.92
2838.43
2481.31
939.777
2493.38
3533.69
3054.97
1616.44
1777.11
1958.37
2003.72
2581.67
2101.93
1486.36
1908.34
1742.38
894.685
469.716
3.40E+38
1847.62
1981.77
2236.07
1627.09
1243.7
1951.24
1730.3
1974.43
2099.79
1693.25
2960.61
2176.25
1836.46
1583.57
2005.43
1364.44
2520.71
2331.69
2276.51
2583.2
2109.34
2580.17
2114.1
2974.3
1996.03
3205.01
3932.04
1925.96
2266.03
2422.16
2448.74
1681.94
1738.24
1936.47
2328.19
2701.25
1068.58
1906.32
2060.73
950.234
1802.23
2297.15
1896.56
2335.38
2081.19
3100.38
1935.47
897.79
2170.29
1809.9
2965.49
2389.72
2490.44
3425.43
2163.16
1921.3
756.086
2340.86
2082.35
2000.96
3369.67
2046.23
1451.99
1210.78
2329.55
2388.66
1794.21
2223.85
2091.43
1792.17
2409.85
2674.66
2075.92
2251.16
1909.94
2326.47
1779.92
2351.65
1798.53
2850.11
1583.21
2484.87
2082.82
3521.68
3280.09
3516.16
2675.41
2052.74
2339.03
2690.21
2188.4
2032.29
1561.87
2622.06
2367.73
1703.41
2110.88
3127.43
1058.8
193.993
3546.69
2639.7
2207.15
2161.31
1944.58
2199.3
1786.19
2005.99
2497.02
2882.55
2429.14
1880.77
2643.28
2058.69
1999.02
2329.19
1861.08
2325.33
2523.15
1830.66
4468.28
2747.56
2196.31
2834.65
3128.35
2968.64
2153.74
3582.78
2610.51
3172.55
2929.23
1533.06
1791.65
1516.76
2250.53
2222.31
2410.77
2251.93
2465.94
2424.38
1566.8
2522.55
2973.4
3192.58
2242.15
2807.97
2841.69
3595.74
2388.28
2413.72
2597.45
1862.32
2128.43
2779.34
2873.26
5485.83
2571.72
2605.59
1912.76
2377.79
2949.04
2069.87
3329.27
1887.61
2443.92
1398.64
3525.8
2510.21
3326.37
4237.46
1628.11
2558.28
3050.07
2946.26
2343.27
3024.93
2941.28
2876.84
2748.86
2311.81
2751.67
4408.08
3677.78
3141.45
3042.48
3015.44
2172.54
2748.09
2870.42
4657.2
3304.25
3443.1
3576.17
2538.37
7050.38
3990.96
2647.9
3499.73
3178.32
3031.54
4518.88
1273.68
8310.59
4083.88
3463.11
3614.95
2884.93
2209.99
4471.05
3349.38
4037.24
3914.96
2827.87
4043.3
4821.91
2675.32
4653.06
3943.35
4206.26
4672.65
5336.8
2130.07
5815.31
3173.64
6856.16
2085.73
2535.74
6627.15
5255.09
6150.54
3709.28
4041.84
2827.74
1593.36